CUSTOMER.cid  CARTDETAILS.cartid  BILL.iid  
118	51	131	
64	62	167	
64	62	167	
136	56	58	
136	56	58	
136	74	51	
136	74	37	
112	27	119	
112	168	157	
112	168	157	
112	168	138	
112	168	138	
112	168	53	
112	168	53	
112	168	53	
82	150	106	
82	150	106	
93	119	38	
93	129	29	
93	129	78	
180	100	181	
144	81	30	
144	81	30	
144	81	30	
192	114	23	
192	114	23	
192	114	23	
192	114	82	
192	114	74	
192	114	74	
192	196	2	
55	127	128	
55	127	128	
55	127	115	
33	120	39	
33	120	39	
33	120	61	
33	170	165	
33	170	65	
33	170	65	
33	0	88	
33	0	88	
33	0	88	
157	67	109	
157	67	109	
157	67	109	
126	108	125	
29	179	158	
196	15	196	
40	92	169	
40	92	169	
40	92	169	
39	116	159	
39	116	159	
60	155	156	
7	110	93	
7	52	143	
7	52	143	
7	52	46	
7	135	81	
7	18	191	
7	18	191	
7	18	191	
7	18	191	
7	159	195	
7	159	177	
76	118	120	
5	109	36	
5	60	189	
59	39	107	
59	39	107	
59	175	27	
197	41	75	
197	41	75	
197	41	70	
197	41	124	
197	41	124	
114	190	149	
114	190	41	
114	190	66	
114	190	66	
105	42	31	
105	42	31	
105	42	10	
105	42	86	
105	42	86	
156	107	22	
156	107	96	
69	128	178	
69	128	178	
69	128	178	
185	36	104	
115	40	132	
115	40	132	
9	57	48	
79	161	14	
26	54	126	
26	54	0	
179	59	172	
179	59	172	
179	59	35	
198	166	25	
151	5	135	
13	156	121	
13	156	121	
13	156	121	
31	1	175	
31	1	175	
31	1	175	
88	34	55	
88	34	55	
88	34	114	
188	95	3	
188	95	3	
129	125	7	
14	113	137	
14	113	137	
174	133	105	
23	9	102	
2	188	12	
90	183	145	
90	183	5	
90	183	5	
90	183	43	
90	183	43	
90	183	49	
90	183	49	
127	46	148	
127	46	69	
131	101	91	
131	101	100	
131	101	100	
61	134	199	
173	65	56	
6	148	99	
6	148	99	
6	148	150	
6	148	150	
96	48	133	
96	48	133	
96	48	129	
96	48	129	
96	48	129	
132	176	87	
132	176	87	
132	176	87	
132	176	97	
132	176	97	
132	176	97	
132	2	193	
132	2	193	
111	21	136	
111	21	136	
80	137	17	
85	93	171	
85	160	40	
20	117	164	
20	117	164	
35	16	34	
35	16	34	
35	16	118	
91	31	9	
91	31	9	
34	72	139	
34	72	139	
15	88	190	
181	197	194	
181	197	194	
181	86	144	
181	86	33	
24	172	154	
24	96	183	
24	96	183	
24	96	160	
160	157	174	
160	157	182	
176	198	28	
176	198	117	
169	91	134	
169	91	134	
169	165	79	
169	165	79	
123	3	147	
123	3	68	
123	3	68	
123	3	184	
62	162	16	
87	199	26	
87	199	26	
87	199	26	
87	199	179	
130	186	186	
130	186	186	
128	167	90	
128	167	151	
128	167	151	
121	7	108	
121	7	166	
65	80	18	
41	70	24	
