CUSTOMER.cid  CARTDETAILS.cartid  BILL.iid  
31	1	175	
62	162	16	
80	137	17	
112	168	157	
96	48	129	
5	60	189	
121	7	166	
126	108	125	
112	168	53	
15	88	190	
115	40	132	
20	117	164	
20	117	164	
111	21	136	
129	125	7	
118	51	131	
26	54	0	
185	36	104	
105	42	31	
112	168	53	
112	168	157	
115	40	132	
33	120	39	
85	93	171	
131	101	100	
31	1	175	
96	48	133	
112	168	138	
33	120	39	
181	197	194	
31	1	175	
87	199	26	
87	199	26	
88	34	55	
93	119	38	
29	179	158	
196	15	196	
33	0	88	
197	41	70	
40	92	169	
130	186	186	
33	0	88	
131	101	100	
105	42	31	
69	128	178	
96	48	129	
33	120	61	
127	46	148	
197	41	75	
55	127	128	
82	150	106	
23	9	102	
61	134	199	
130	186	186	
33	0	88	
59	175	27	
127	46	69	
197	41	75	
55	127	128	
131	101	91	
39	116	159	
69	128	178	
34	72	139	
33	170	165	
180	100	181	
93	129	29	
34	72	139	
26	54	126	
96	48	129	
174	133	105	
157	67	109	
157	67	109	
111	21	136	
112	168	53	
123	3	147	
157	67	109	
82	150	106	
121	7	108	
87	199	26	
188	95	3	
9	57	48	
76	118	120	
39	116	159	
40	92	169	
69	128	178	
112	168	138	
188	95	3	
112	27	119	
40	92	169	
181	197	194	
93	129	78	
96	48	133	
88	34	55	
123	3	68	
169	91	134	
90	183	145	
7	18	191	
192	196	2	
144	81	30	
7	18	191	
55	127	115	
151	5	135	
60	155	156	
123	3	68	
6	148	99	
114	190	149	
7	18	191	
144	81	30	
7	110	93	
24	96	183	
192	114	74	
179	59	172	
87	199	179	
169	91	134	
169	165	79	
7	52	46	
181	86	33	
35	16	118	
132	2	193	
173	65	56	
6	148	99	
7	52	143	
7	18	191	
90	183	5	
156	107	22	
85	160	40	
136	74	51	
197	41	124	
123	3	184	
136	56	58	
79	161	14	
105	42	86	
24	96	183	
169	165	79	
7	52	143	
105	42	86	
7	159	195	
64	62	167	
41	70	24	
136	56	58	
59	39	107	
192	114	23	
7	159	177	
33	170	65	
192	114	23	
160	157	174	
181	86	144	
136	74	37	
176	198	28	
176	198	117	
192	114	82	
88	34	114	
5	109	36	
35	16	34	
35	16	34	
90	183	5	
33	170	65	
160	157	182	
2	188	12	
7	135	81	
179	59	172	
64	62	167	
197	41	124	
192	114	23	
179	59	35	
144	81	30	
59	39	107	
192	114	74	
24	172	154	
105	42	10	
198	166	25	
132	2	193	
65	80	18	
24	96	160	
90	183	49	
132	176	97	
114	190	41	
13	156	121	
132	176	87	
6	148	150	
132	176	97	
91	31	9	
114	190	66	
128	167	151	
132	176	87	
90	183	43	
13	156	121	
90	183	43	
128	167	151	
90	183	49	
114	190	66	
128	167	90	
6	148	150	
14	113	137	
132	176	87	
156	107	96	
91	31	9	
13	156	121	
14	113	137	
132	176	97	
