EMPLOYEES.eid  
14963	
14963	
2674	
2674	
14020	
14020	
1731	
5882	
5882	
7340	
13641	
343	
343	
7540	
7540	
7540	
7540	
7540	
2982	
2982	
2982	
3730	
12674	
12674	
12674	
385	
14610	
2321	
14610	
12414	
12414	
7997	
7997	
3360	
3360	
10701	
3226	
10837	
5224	
320	
7127	
2387	
13920	
13920	
1631	
13102	
13102	
13102	
1327	
1327	
8794	
2393	
2885	
2885	
14667	
452	
3018	
9074	
8295	
11448	
3162	
3162	
10698	
8270	
1514	
1514	
13803	
13803	
5240	
1699	
13988	
12563	
12563	
274	
274	
5249	
5249	
12634	
7130	
5166	
5965	
9050	
9050	
5162	
5162	
10271	
12618	
329	
2420	
1468	
13757	
13757	
13757	
14480	
14480	
2191	
6223	
5848	
3061	
11119	
11119	
11119	
6849	
3614	
12125	
14343	
2054	
14343	
5195	
14084	
55	
4617	
9975	
7926	
7926	
12051	
6674	
6674	
2972	
2972	
14179	
5248	
5248	
9659	
2514	
2514	
1621	
1621	
13910	
4157	
11735	
10903	
6498	
5292	
5292	
10663	
10663	
3014	
3014	
964	
13253	
7421	
7421	
6300	
6300	
3420	
3420	
12845	
3746	
7555	
7555	
14282	
14282	
14282	
14282	
14282	
14387	
7878	
7878	
11769	
11769	
4427	
2956	
2956	
2956	
5462	
14970	
2681	
2681	
2681	
11338	
11338	
11338	
11338	
13152	
9018	
644	
12501	
787	
4324	
4324	
7442	
5081	
5081	
4607	
4607	
11694	
11694	
8125	
8125	
13256	
13256	
967	
1861	
1861	
848	
848	
13137	
6961	
7842	
6022	
6022	
7939	
12335	
12335	
12335	
46	
46	
6728	
8403	
10579	
2781	
3681	
6177	
5626	
7813	
7813	
11542	
13879	
3555	
3555	
12976	
12976	
687	
12976	
11144	
11144	
3491	
3491	
4814	
5660	
3501	
13650	
1361	
8442	
3517	
1535	
1535	
13824	
12798	
13479	
1190	
1190	
7908	
224	
14244	
12420	
12420	
12420	
339	
339	
12628	
3617	
1111	
13400	
13335	
1046	
2345	
4419	
4419	
4419	
7568	
7568	
13278	
10838	
7133	
5947	
2985	
2985	
2985	
13938	
10812	
6802	
5542	
5542	
13645	
9694	
2600	
2600	
14889	
14889	
14889	
12566	
3334	
14699	
14699	
1319	
13608	
6752	
6752	
6009	
13084	
795	
795	
795	
795	
908	
12363	
8203	
5082	
5082	
7588	
828	
6786	
5945	
14764	
5189	
12605	
12605	
316	
12753	
464	
12753	
7192	
7192	
14602	
6471	
5561	
1654	
13943	
13943	
13096	
807	
6700	
3391	
11792	
11792	
11792	
8835	
8835	
6504	
6504	
6504	
6504	
13858	
1569	
1569	
619	
12908	
619	
2640	
5365	
4846	
4846	
6433	
6433	
8839	
6948	
6948	
14139	
9188	
9188	
9188	
7165	
14931	
14931	
10741	
5714	
5714	
5714	
13870	
13870	
13870	
4744	
4744	
3770	
799	
5164	
5164	
5164	
4254	
4254	
1062	
1062	
1062	
13351	
4677	
6520	
6520	
1942	
14231	
13890	
1601	
13759	
6301	
1169	
1169	
1169	
14064	
14064	
14064	
13994	
13994	
13994	
13994	
8786	
6941	
13936	
13936	
8709	
14013	
14013	
7403	
7403	
12679	
12679	
12679	
4485	
4485	
5559	
4269	
4269	
4269	
9666	
4918	
8049	
3880	
3164	
3164	
3164	
3164	
3164	
474	
6170	
13745	
13745	
1456	
3974	
2775	
13222	
13110	
13110	
821	
13110	
13110	
5659	
7155	
7155	
7155	
12368	
12368	
2860	
7237	
11623	
11623	
10297	
10297	
1428	
12090	
7547	
1386	
6869	
12535	
4071	
399	
6607	
14738	
14738	
14125	
14125	
2357	
1239	
1239	
9373	
9373	
9373	
6602	
6602	
13277	
988	
7765	
7765	
5893	
5893	
3183	
3183	
3183	
3183	
14373	
2084	
14373	
14373	
4050	
5506	
5506	
5506	
5506	
6772	
12766	
477	
14965	
14965	
4738	
7405	
2230	
2599	
2599	
6838	
3606	
3606	
2244	
2244	
2356	
9577	
9577	
10694	
4194	
1358	
1358	
7436	
1796	
14085	
1796	
14085	
12987	
12987	
5302	
6615	
6615	
7357	
7357	
5318	
12935	
8622	
8622	
1827	
9982	
4713	
4713	
13862	
1573	
8287	
10393	
10393	
10393	
12585	
296	
14301	
14301	
14301	
2012	
7484	
7484	
5998	
6314	
11534	
4664	
4664	
6898	
13183	
894	
13183	
13359	
6372	
10691	
5924	
5924	
11841	
11841	
11841	
11841	
11841	
11705	
844	
11479	
11479	
13770	
1481	
3550	
3550	
2593	
2593	
14006	
6839	
5544	
832	
832	
7087	
211	
12500	
211	
12500	
12500	
8260	
2228	
2228	
2228	
14517	
14517	
14517	
6103	
9860	
13911	
9761	
9761	
14670	
14670	
14670	
8815	
5727	
5727	
5727	
2949	
900	
13189	
13189	
10991	
10991	
629	
12918	
12110	
5485	
5485	
5766	
5766	
11467	
11327	
2496	
14785	
14785	
2496	
5228	
2089	
14378	
888	
5185	
1546	
2586	
14875	
6321	
8957	
7171	
7171	
3106	
3106	
3106	
7855	
7855	
3551	
5213	
5928	
4690	
12223	
5640	
9199	
9199	
13941	
13941	
1652	
1652	
1652	
5960	
5960	
5653	
13265	
6821	
14055	
301	
301	
3507	
3507	
13598	
13598	
13598	
13598	
3437	
3437	
5742	
2320	
14609	
8138	
8138	
3678	
7175	
7175	
7175	
4060	
4060	
1246	
501	
11346	
11346	
11346	
5274	
6738	
6738	
480	
12769	
12769	
12769	
12769	
7649	
443	
12732	
6533	
594	
594	
594	
14697	
2408	
14697	
2408	
8788	
2827	
7475	
7880	
4388	
4388	
4388	
14460	
2171	
11294	
13080	
13080	
12380	
6086	
6086	
9695	
4301	
4301	
4301	
14988	
13261	
6374	
7209	
7209	
4250	
14490	
2201	
2201	
14490	
14202	
1039	
13328	
13328	
13328	
9592	
9592	
14106	
2546	
14835	
2546	
14835	
14835	
4140	
8529	
1072	
13361	
1072	
12060	
12060	
12930	
1381	
782	
13071	
10683	
10683	
10683	
4102	
4102	
4447	
4447	
10379	
3506	
3230	
7607	
7025	
14997	
5844	
8337	
3629	
3337	
3650	
4935	
1808	
14097	
1808	
1260	
1260	
1260	
1260	
13549	
13549	
11243	
11243	
11243	
1435	
8691	
6722	
6722	
6722	
4565	
4311	
12346	
12346	
12510	
12510	
11229	
11229	
11229	
5018	
5018	
5018	
12081	
12081	
3633	
9238	
13461	
4731	
11214	
337	
337	
4836	
6947	
6947	
6947	
3470	
7681	
5337	
6639	
13478	
6614	
576	
6168	
6255	
7217	
7561	
903	
6118	
2564	
2564	
14853	
8519	
4548	
14382	
615	
12904	
13659	
1370	
453	
6257	
6257	
6257	
12979	
690	
12979	
12979	
9655	
2217	
2217	
2217	
14506	
14506	
980	
980	
13269	
13269	
6570	
14236	
1947	
14640	
2351	
2351	
2351	
14018	
975	
95	
12384	
245	
6098	
1997	
1997	
718	
2615	
14904	
11546	
11984	
11984	
6695	
9308	
9308	
6508	
7591	
9571	
2370	
2370	
2370	
7010	
7010	
7010	
7010	
5758	
12657	
12657	
368	
2225	
2225	
13368	
13147	
858	
4717	
4717	
4717	
4644	
3944	
3084	
3084	
9054	
8953	
8953	
4855	
4855	
4989	
4989	
14014	
14014	
14014	
6323	
6323	
7564	
12474	
185	
12474	
6335	
6335	
4963	
4963	
4963	
8816	
13345	
854	
1658	
13947	
13947	
10050	
13186	
2749	
2749	
2749	
2749	
10114	
4148	
4148	
8942	
7522	
13424	
1135	
4428	
4428	
3777	
6106	
8601	
8601	
11484	
4326	
4326	
11745	
9140	
9140	
4068	
2970	
1346	
2837	
2837	
1648	
13937	
13937	
10724	
10724	
10724	
2639	
14357	
14357	
9836	
9836	
9836	
8452	
8452	
8452	
496	
12348	
10899	
8158	
11102	
1511	
3889	
12479	
190	
6865	
4185	
4185	
4185	
4185	
2026	
2026	
12196	
12196	
722	
722	
5093	
9822	
14293	
14293	
2061	
14350	
14350	
3394	
5200	
6744	
5349	
5349	
12870	
12870	
12870	
581	
9758	
13714	
5918	
5918	
3600	
10953	
10953	
1418	
1418	
1418	
2050	
5153	
5153	
5153	
5153	
5153	
3909	
3909	
14671	
6438	
6438	
6506	
3187	
3187	
8265	
14935	
2646	
7684	
1006	
12668	
13527	
13527	
665	
7893	
13421	
13421	
12396	
13093	
804	
7844	
12524	
12524	
12524	
235	
771	
13123	
6902	
9774	
10873	
12725	
12725	
7317	
5782	
5782	
5782	
14597	
14597	
4547	
4547	
10842	
10842	
10842	
10842	
4501	
4501	
473	
634	
12923	
4903	
4478	
4478	
4478	
5048	
5048	
2264	
2264	
2264	
3181	
4421	
4421	
10126	
2940	
2940	
2940	
8633	
810	
810	
11613	
11613	
7682	
7682	
6880	
10905	
13363	
13363	
1074	
12756	
467	
8348	
8348	
2092	
2092	
5519	
5519	
10021	
10021	
2847	
10008	
5510	
5510	
5510	
5033	
12439	
8992	
8992	
8992	
8582	
2999	
2765	
6995	
6995	
14668	
991	
991	
13280	
13280	
6214	
6214	
241	
12530	
10874	
3071	
3071	
3071	
11686	
10887	
10887	
6884	
8527	
8527	
13620	
13620	
507	
6401	
1060	
1060	
1060	
2352	
2352	
6021	
9296	
1244	
5927	
5927	
677	
12966	
14233	
1944	
1944	
4776	
4776	
7212	
2898	
2898	
3206	
3739	
2367	
13348	
13348	
11022	
13420	
1131	
13420	
13420	
10216	
13283	
13283	
4503	
4503	
4503	
4503	
5454	
14544	
2255	
7180	
7180	
7180	
14424	
2135	
3466	
6451	
6451	
5511	
11069	
11069	
11069	
2782	
2782	
1760	
1760	
14049	
1760	
14049	
1760	
4200	
11558	
11558	
6499	
9108	
12229	
4375	
11291	
11291	
6957	
6957	
3849	
583	
583	
10474	
10474	
9277	
9277	
13940	
13940	
1651	
10355	
299	
299	
299	
5574	
750	
4378	
8347	
8347	
2495	
14784	
14784	
14784	
5063	
7476	
7984	
7984	
12179	
8414	
6341	
6341	
6341	
5716	
12435	
12435	
13594	
13594	
13594	
3693	
1921	
1921	
14210	
1921	
14210	
4773	
2232	
6127	
6127	
812	
7955	
3498	
6207	
1050	
2910	
3908	
11810	
4469	
7978	
3356	
9585	
7515	
9778	
13905	
13905	
13905	
7112	
7112	
3299	
3299	
7440	
188	
188	
12477	
5011	
5011	
5261	
10225	
11306	
11306	
11306	
52	
12341	
12341	
2836	
861	
13150	
1555	
2121	
14475	
14475	
2186	
978	
13267	
14385	
2096	
3605	
3025	
3025	
14826	
14826	
2537	
6822	
6822	
10690	
10690	
10150	
1350	
13639	
12162	
14558	
14558	
7950	
12744	
3566	
3566	
12598	
4625	
14161	
14161	
1872	
1872	
2227	
6010	
6010	
6010	
1469	
1469	
544	
12965	
676	
1220	
7021	
4990	
4990	
8702	
14775	
2486	
3407	
11402	
11402	
7907	
7907	
7907	
3878	
1329	
6354	
6354	
13208	
919	
13208	
8197	
9000	
5736	
3695	
3695	
3695	
13086	
7337	
362	
13891	
1602	
11927	
3454	
3851	
4173	
3056	
4955	
11958	
13083	
794	
13896	
13896	
1607	
5112	
5112	
13052	
4132	
6046	
6296	
4096	
4096	
1910	
1910	
5285	
5285	
5285	
7438	
7438	
6548	
736	
9814	
2677	
14966	
2312	
11566	
11566	
11566	
4054	
4054	
1474	
1474	
13763	
1474	
4777	
4777	
3142	
5772	
5845	
3341	
7629	
7629	
14902	
2613	
3047	
6126	
6126	
6126	
3866	
10211	
10244	
13649	
4850	
4850	
973	
14180	
14180	
1891	
1891	
14180	
12475	
2115	
6480	
6480	
10338	
11189	
11189	
13522	
1233	
4826	
4826	
13413	
13413	
4370	
1285	
1285	
2034	
14323	
14323	
11136	
513	
12802	
6040	
6040	
14380	
2091	
2091	
2944	
5140	
5140	
5140	
7430	
7430	
14916	
2627	
2627	
2802	
2802	
1161	
13450	
1161	
1161	
12942	
653	
12942	
6212	
3053	
3053	
10541	
10541	
10541	
14302	
3590	
5353	
5353	
8717	
8717	
8717	
4569	
4088	
4088	
14879	
2590	
2590	
14879	
6560	
14973	
10469	
10054	
9383	
9383	
1536	
1536	
3229	
5815	
3270	
240	
240	
3036	
4389	
4389	
12555	
12555	
5295	
13124	
5532	
5532	
585	
5255	
14463	
14463	
2736	
44	
116	
116	
12405	
12405	
116	
4830	
3003	
3003	
3003	
14581	
12169	
5477	
3978	
10675	
11547	
11547	
8714	
1828	
2990	
2990	
9550	
9550	
7177	
7177	
7177	
7177	
4221	
4735	
4735	
11456	
8558	
8558	
4967	
3273	
4362	
13744	
13744	
13744	
13744	
13744	
8461	
11807	
11807	
11807	
11807	
9342	
9342	
2330	
36	
192	
3531	
6196	
3376	
3376	
3376	
8712	
53	
53	
12342	
2726	
4577	
6952	
6952	
3576	
2265	
2265	
5080	
5080	
5857	
5857	
67	
12356	
67	
4764	
4764	
7369	
2289	
14578	
14578	
493	
12782	
1318	
1318	
13607	
5147	
5147	
6970	
4043	
12835	
12835	
14122	
1833	
10296	
2978	
2978	
1478	
1478	
2136	
4689	
14957	
14957	
2668	
2668	
12706	
14326	
14326	
2037	
11941	
11941	
14267	
14267	
8209	
8209	
10998	
10998	
10998	
4304	
4304	
12765	
4082	
4082	
7298	
5408	
7746	
2700	
2548	
2548	
7056	
7056	
7056	
6938	
4285	
4929	
871	
13160	
13160	
2731	
10188	
10188	
12364	
3644	
3644	
7657	
9847	
9847	
14469	
14469	
14469	
13019	
13019	
13206	
13453	
13453	
6999	
6999	
3487	
14814	
14814	
10582	
914	
914	
914	
6934	
6934	
6934	
6934	
12422	
12422	
133	
7373	
3943	
5616	
5616	
5616	
5616	
5616	
12549	
12834	
12834	
344	
12691	
402	
402	
9600	
6211	
6211	
847	
2040	
14329	
4944	
1709	
13998	
10365	
838	
838	
838	
7925	
7352	
2554	
14843	
4704	
4704	
4704	
11525	
4602	
4314	
124	
12413	
12413	
2231	
14520	
5103	
9352	
7637	
7637	
4151	
1663	
12856	
6422	
12584	
295	
214	
12503	
3480	
3480	
8751	
14025	
773	
773	
13178	
8793	
13849	
13849	
14741	
14741	
9209	
9209	
9209	
7698	
8266	
6462	
6462	
6209	
6037	
3920	
6281	
12661	
5050	
5050	
8378	
14068	
5600	
12466	
177	
177	
13372	
2001	
14290	
14290	
8079	
8079	
8079	
9161	
9161	
9161	
14255	
14255	
14255	
9186	
9186	
3499	
3499	
7883	
7883	
7883	
10156	
4167	
4167	
14232	
1943	
14232	
1943	
1943	
13978	
13978	
13978	
4756	
4756	
1675	
1675	
10645	
3277	
12840	
11455	
1434	
1434	
1434	
13723	
6753	
1185	
13474	
13474	
13474	
6781	
11892	
11892	
11892	
6206	
4259	
13668	
13668	
14275	
6634	
1805	
1805	
11581	
2390	
14679	
10738	
9473	
2168	
2168	
2251	
1488	
1488	
3405	
3689	
7448	
8369	
8369	
8369	
11645	
4064	
4064	
8085	
8085	
8940	
5130	
5130	
8495	
11187	
4843	
14950	
13633	
12407	
5729	
5729	
1543	
13832	
13832	
13832	
8673	
4620	
4620	
3159	
3159	
8089	
8089	
5071	
5071	
5071	
5813	
6283	
7569	
4914	
7460	
13303	
13303	
13303	
13303	
1014	
6204	
13764	
5684	
965	
13254	
6337	
6337	
10631	
10631	
3711	
3711	
3711	
11966	
11966	
9329	
4377	
13215	
13215	
7375	
13078	
7050	
2222	
4273	
4273	
4273	
1959	
1959	
1959	
1959	
14895	
14895	
9429	
14932	
12921	
12921	
12921	
11639	
11639	
8666	
2974	
14504	
14504	
2215	
386	
386	
14276	
5597	
6528	
5746	
7981	
7981	
1554	
1554	
4734	
4734	
4734	
4260	
14260	
1971	
1971	
829	
829	
13118	
6922	
6295	
6295	
8668	
8668	
8668	
740	
740	
890	
13386	
1166	
13455	
13455	
12355	
5655	
5655	
5655	
5655	
542	
11638	
6827	
6827	
6827	
342	
12631	
7446	
4095	
4095	
8022	
8864	
5440	
5440	
7318	
8929	
225	
225	
12514	
10792	
13488	
3451	
3451	
3451	
11986	
1127	
4257	
2894	
14616	
8033	
6234	
3986	
3986	
10593	
4631	
4631	
4631	
4021	
4021	
4021	
14730	
9874	
9874	
11227	
11227	
12115	
9629	
11349	
12408	
12408	
12408	
119	
119	
119	
2882	
13337	
13454	
1165	
2113	
9636	
12730	
2295	
2295	
14584	
6478	
4080	
4844	
5902	
8027	
8027	
1308	
1308	
5721	
5721	
3438	
3881	
3881	
11237	
11237	
3516	
3516	
10840	
10840	
6490	
4327	
11117	
3127	
10067	
10067	
10067	
5750	
13333	
1044	
1262	
1262	
89	
7609	
14288	
2571	
7383	
2510	
6339	
14714	
14714	
2017	
2017	
2017	
2017	
14306	
10205	
12290	
8621	
8621	
8621	
8621	
14141	
7432	
4001	
5042	
5567	
5567	
7641	
7641	
7641	
7641	
7641	
6176	
1505	
9410	
7044	
9375	
6302	
6302	
13448	
1159	
13448	
13448	
11750	
11750	
12772	
12772	
12772	
4296	
4296	
6904	
9417	
3651	
3651	
5283	
1904	
1904	
4853	
7565	
7565	
783	
783	
783	
783	
13072	
475	
12764	
12764	
475	
962	
962	
7839	
13038	
749	
11377	
5679	
7713	
9223	
9223	
2729	
7533	
6056	
4715	
4715	
4715	
14982	
3055	
3055	
3055	
13407	
1118	
1118	
13494	
13494	
756	
756	
13045	
5179	
5179	
5179	
5179	
5179	
5179	
1007	
1730	
4161	
14653	
3786	
3786	
11028	
11028	
3628	
6664	
6664	
6620	
3809	
43	
12332	
3259	
3259	
2075	
14364	
2075	
14421	
2132	
7024	
13467	
13467	
13467	
1679	
6251	
6251	
2100	
1895	
10718	
1382	
1838	
14127	
3868	
252	
252	
5523	
5577	
5577	
6811	
11350	
10917	
8785	
8785	
7638	
9312	
9312	
366	
7201	
12297	
10785	
10785	
10785	
10402	
7147	
595	
595	
8618	
8676	
8676	
8440	
951	
7364	
7364	
2202	
2202	
2202	
4892	
9682	
9682	
7756	
7756	
3741	
3741	
3741	
13439	
6796	
4256	
1637	
1637	
11427	
11427	
11427	
4178	
4178	
6189	
6189	
6189	
4078	
869	
3295	
14411	
9785	
3026	
3026	
10362	
10362	
6474	
13646	
13646	
10786	
13480	
13480	
1191	
1191	
12611	
14107	
9479	
9479	
12216	
10224	
10224	
5513	
5513	
840	
7216	
7216	
9025	
14886	
2597	
7378	
7378	
7315	
7315	
7315	
2281	
14570	
2281	
11263	
10181	
11457	
11457	
11457	
9944	
9944	
1430	
1430	
1813	
1813	
2078	
14367	
11079	
11079	
7005	
6836	
6836	
6836	
6836	
6836	
8083	
8083	
12789	
12960	
12960	
7673	
7673	
1139	
3917	
1033	
1033	
1033	
13322	
10217	
6219	
12032	
12032	
3017	
10403	
8174	
14077	
7875	
2758	
2758	
2758	
2758	
6510	
2785	
2785	
5391	
5391	
5391	
12614	
12614	
12614	
14169	
14169	
4863	
6622	
7207	
4980	
4980	
8934	
8934	
8420	
3852	
13667	
13667	
13667	
5085	
14972	
14972	
6911	
7243	
6761	
6761	
5755	
12970	
12622	
12622	
333	
333	
2456	
2456	
14745	
5785	
5785	
6715	
6715	
12455	
13615	
13615	
13615	
3305	
4022	
10084	
10084	
10084	
10084	
4606	
12717	
12717	
12717	
2221	
14510	
7226	
5816	
5765	
2798	
4346	
4346	
1265	
13554	
13554	
5537	
5474	
12871	
5135	
448	
448	
6079	
6079	
6079	
6079	
6713	
10495	
13402	
7168	
9022	
9022	
444	
12733	
444	
2771	
13674	
13674	
3637	
3637	
11565	
11565	
11565	
9174	
9174	
2923	
12687	
12687	
6687	
6687	
6687	
1558	
1859	
2540	
2540	
8890	
9279	
9279	
11812	
8928	
8928	
1283	
13572	
14426	
14426	
2137	
14009	
4237	
13557	
1268	
13557	
2880	
2880	
11799	
2402	
2402	
2402	
1480	
13769	
5894	
1537	
13826	
13826	
4471	
4471	
4471	
5787	
5787	
5787	
4491	
5611	
5611	
5611	
3100	
13772	
6577	
12122	
12122	
14414	
10102	
2576	
1126	
1126	
7558	
7558	
7558	
7213	
7213	
8485	
2918	
2918	
4909	
14099	
14099	
11103	
5995	
6943	
13552	
4247	
4247	
13562	
1273	
6363	
6507	
9786	
14391	
86	
86	
12375	
86	
5037	
2853	
2853	
11935	
7380	
5014	
4205	
4205	
10092	
6574	
6574	
10212	
3584	
620	
620	
12909	
6720	
1617	
3915	
454	
12743	
7710	
14955	
11436	
6828	
14372	
14372	
703	
703	
13456	
13425	
1136	
13425	
421	
5931	
5747	
5747	
2235	
2235	
2235	
11571	
11571	
6274	
9840	
9840	
12518	
12518	
5208	
5208	
2890	
460	
10409	
8120	
6950	
5427	
10756	
416	
416	
416	
416	
14938	
2649	
8152	
1953	
1953	
7449	
7449	
7449	
6072	
6072	
6072	
8565	
1764	
13484	
12937	
2975	
3631	
7965	
4530	
9540	
9540	
9540	
14226	
1937	
1937	
5949	
14253	
5075	
5075	
9652	
9652	
13313	
1024	
1024	
1024	
5024	
7822	
7861	
5393	
11907	
11907	
11907	
8475	
9690	
6013	
14423	
12990	
701	
3024	
130	
12686	
12686	
5954	
22	
12311	
5705	
5705	
5186	
4228	
9909	
9420	
9420	
9420	
10549	
10549	
5400	
11470	
61	
841	
10931	
13228	
13662	
13662	
13662	
1373	
5250	
5250	
3312	
5863	
1272	
1272	
1540	
13829	
1540	
7695	
4474	
4474	
12489	
12489	
902	
3234	
3234	
3234	
6592	
5839	
5839	
5839	
2935	
8555	
2740	
2740	
9572	
9101	
7624	
7624	
10979	
3090	
10536	
2047	
14336	
2047	
14336	
2109	
6280	
2163	
1280	
13569	
13569	
6861	
6861	
5498	
3241	
1338	
9797	
9797	
9797	
9284	
13390	
4707	
14568	
2279	
2279	
3316	
13040	
751	
751	
751	
2662	
14951	
137	
1516	
1516	
13805	
2760	
1049	
13338	
13338	
13338	
13338	
13338	
4761	
3275	
3275	
13398	
1109	
3081	
4452	
12259	
12259	
12259	
4231	
4231	
7599	
7599	
7198	
7198	
3581	
6977	
8958	
14805	
4123	
3313	
4459	
3232	
6390	
6390	
1905	
1905	
4906	
3379	
3379	
3379	
4039	
14067	
7385	
7385	
7385	
9929	
9929	
2686	
2686	
1443	
2307	
7263	
7008	
7008	
14555	
5672	
5672	
6076	
3733	
3733	
7620	
6998	
6998	
10435	
10435	
10435	
7623	
2300	
2300	
2300	
6463	
6463	
13173	
12608	
12608	
12608	
1695	
13984	
628	
12713	
2715	
2715	
7512	
7512	
7512	
2850	
2664	
5110	
5856	
2033	
8896	
8896	
5321	
7379	
4028	
5801	
3970	
12185	
10759	
11304	
111	
14152	
14152	
14152	
1863	
80	
80	
80	
1825	
2306	
3216	
2806	
11488	
7150	
1809	
1809	
14098	
6262	
3282	
3282	
3282	
3282	
7508	
1931	
14220	
4681	
13611	
13611	
3655	
3835	
3835	
5806	
5806	
14258	
14258	
1969	
5088	
5088	
5088	
6130	
6130	
2358	
6450	
11714	
13354	
1065	
2733	
3238	
7453	
1489	
13778	
13778	
9505	
9505	
699	
4073	
4646	
2208	
2208	
13918	
1629	
13975	
13975	
13975	
13975	
12184	
9912	
9912	
3192	
3192	
3192	
6698	
4048	
4048	
4048	
9536	
9536	
8944	
5539	
5539	
14856	
2567	
2567	
4726	
4726	
4177	
6036	
6036	
13664	
13664	
13921	
13921	
2877	
4480	
4431	
4431	
4002	
9609	
9609	
13135	
846	
846	
846	
14635	
2346	
1218	
3122	
3122	
7240	
3544	
3972	
2707	
14996	
12567	
12567	
278	
6594	
2070	
14359	
145	
145	
1125	
13414	
13414	
1125	
13414	
6092	
5717	
10958	
3231	
3231	
10073	
10714	
10714	
4448	
7250	
7250	
7250	
10651	
10651	
5718	
5718	
10744	
2483	
14407	
14407	
2858	
2858	
13169	
13169	
13169	
13169	
13169	
880	
13169	
7771	
5394	
5394	
5394	
6111	
14439	
2150	
6565	
6565	
7109	
4544	
12	
12301	
12301	
6018	
5967	
6940	
4272	
6730	
6730	
6730	
158	
158	
13966	
10848	
10848	
948	
948	
948	
13237	
2236	
14158	
6609	
14747	
2458	
2458	
3990	
3990	
3990	
9145	
7111	
4014	
13217	
1215	
5402	
5402	
3178	
3178	
3178	
10053	
10053	
6373	
6373	
6373	
14976	
14976	
14976	
769	
5344	
1173	
13462	
8791	
7360	
9928	
9928	
659	
4882	
4882	
4882	
1257	
6877	
159	
1295	
13584	
13584	
5726	
2952	
2952	
2952	
5016	
12690	
401	
2773	
10909	
10808	
1644	
1644	
13933	
13933	
5774	
6043	
6043	
6084	
2097	
4135	
4135	
4135	
6273	
6273	
1247	
3348	
5602	
5602	
727	
7489	
7489	
1275	
1275	
1275	
13564	
11008	
9196	
2959	
626	
12234	
5578	
14283	
1994	
1994	
6523	
6183	
6183	
6846	
6846	
9407	
3292	
3292	
10971	
10971	
6392	
7354	
7493	
7493	
7493	
2072	
2072	
2072	
14361	
9023	
12327	
1504	
9460	
9537	
9537	
5259	
11435	
4529	
10713	
10713	
4615	
4615	
3646	
3646	
11475	
1447	
1447	
5201	
10136	
10136	
5354	
5354	
5354	
4543	
4543	
6099	
5740	
1920	
12173	
437	
825	
5149	
14897	
14897	
2608	
2608	
2608	
2557	
2405	
14694	
14694	
14694	
4968	
12745	
2925	
2925	
7482	
7482	
3883	
8181	
4498	
6294	
6481	
14695	
14695	
14695	
14695	
14695	
14695	
14946	
2657	
2657	
14946	
1965	
14254	
4049	
12920	
631	
13260	
971	
13260	
1092	
1092	
13381	
4087	
14662	
5530	
12817	
12817	
528	
5575	
5575	
4402	
10655	
5399	
5399	
3174	
6829	
7051	
4504	
4838	
6661	
6661	
8686	
5120	
814	
814	
814	
13103	
12409	
4956	
330	
12619	
4566	
4566	
6692	
6692	
961	
961	
12814	
12814	
12814	
5369	
4621	
7830	
5896	
5896	
7990	
7990	
7265	
8243	
4357	
3469	
12153	
2637	
2637	
14926	
3207	
3207	
3207	
3863	
9771	
4172	
2199	
14488	
3528	
7452	
5790	
5790	
996	
8223	
8223	
8223	
4373	
4373	
13579	
1290	
3160	
8164	
8164	
11253	
4768	
2401	
14690	
14690	
14690	
10918	
1635	
6184	
3578	
7073	
7073	
7073	
2409	
9005	
9005	
9005	
9005	
13725	
4147	
4147	
4147	
2784	
9699	
12387	
98	
6238	
1271	
13560	
13939	
13939	
1650	
1650	
13202	
8180	
12748	
13928	
13928	
3153	
12264	
5087	
5087	
11264	
11264	
2931	
12815	
12815	
3131	
12943	
12943	
3673	
3673	
3673	
7651	
12678	
5377	
5377	
9512	
9512	
13429	
13429	
13429	
2347	
14636	
14636	
2347	
12784	
495	
495	
495	
7579	
7579	
9927	
4261	
6491	
6491	
1659	
14183	
6837	
12964	
788	
8360	
11397	
11837	
925	
13214	
3323	
7903	
14847	
14847	
2558	
2558	
2832	
13900	
1741	
1741	
2813	
2813	
2813	
2276	
2276	
4267	
8894	
14924	
11528	
5974	
5974	
9192	
1790	
14079	
14079	
2753	
13987	
13987	
13987	
10855	
10855	
10855	
7046	
850	
13570	
6495	
6495	
14268	
1979	
1979	
1506	
13795	
1963	
14252	
1155	
1155	
13444	
12901	
332	
4386	
2260	
2260	
2260	
14549	
7038	
10025	
7244	
6135	
14146	
1857	
1183	
5260	
5260	
2723	
12265	
2140	
2140	
2140	
14429	
8355	
11637	
7428	
5552	
1490	
1490	
6926	
6926	
5487	
5487	
12938	
9193	
9193	
6162	
9891	
5001	
2904	
2904	
13728	
13728	
13728	
13728	
13728	
3561	
3561	
3150	
4251	
4251	
4251	
3616	
3336	
1831	
1831	
1831	
14120	
14120	
14120	
5576	
14618	
13991	
1702	
5710	
472	
472	
5136	
5136	
5136	
4618	
2878	
6093	
2840	
2840	
11944	
11944	
11944	
37	
12326	
1758	
1758	
14047	
12252	
14769	
6074	
10410	
10410	
13297	
4396	
4396	
14930	
5032	
2659	
2659	
14613	
14613	
7526	
2720	
14168	
1879	
4597	
5089	
9827	
9827	
8411	
593	
9177	
9177	
9177	
12630	
12630	
3913	
3913	
1906	
2578	
14867	
4800	
6949	
13329	
4803	
4803	
6116	
7068	
3222	
3222	
7139	
7139	
3263	
484	
484	
484	
12773	
12773	
3308	
3308	
4605	
4605	
3302	
3302	
11095	
6404	
943	
13232	
12131	
12131	
1776	
14065	
14065	
574	
12863	
574	
8624	
5536	
11176	
856	
856	
856	
5133	
5133	
7531	
7531	
12427	
6509	
6483	
10231	
10231	
10231	
11328	
9094	
6068	
6068	
4551	
4551	
4551	
7159	
5188	
12568	
12568	
12568	
14157	
14157	
14157	
1022	
8364	
3504	
14899	
10710	
9501	
9501	
3783	
3043	
6759	
13513	
13513	
10024	
2971	
2971	
9453	
3434	
13831	
13831	
13831	
220	
12509	
12509	
14900	
14900	
14900	
14900	
12207	
12207	
12207	
12207	
1798	
9179	
9179	
9179	
3585	
5066	
4567	
13974	
13974	
5621	
6763	
9156	
9156	
2044	
14333	
14333	
2044	
14333	
2044	
7496	
7496	
184	
4328	
11123	
11588	
5969	
5969	
8687	
8687	
8687	
8687	
8687	
10425	
13986	
13986	
1697	
14189	
3306	
3306	
3279	
3279	
62	
62	
62	
10484	
10484	
2743	
13654	
13738	
4805	
14721	
6027	
147	
5516	
7833	
7833	
7833	
5889	
7686	
7686	
1620	
1620	
14729	
2440	
14729	
1595	
1595	
1595	
1321	
13610	
1321	
13610	
11309	
5625	
2852	
1255	
13544	
13544	
13544	
13544	
3533	
14839	
8773	
8773	
8773	
8388	
7066	
7530	
10747	
10747	
10323	
10323	
13238	
3414	
3414	
3414	
65	
65	
12354	
14911	
2622	
10237	
10237	
10237	
10237	
13621	
11995	
6178	
6178	
6178	
2914	
2914	
2914	
10079	
9175	
13861	
1572	
13861	
7110	
11381	
7441	
13559	
13559	
7093	
7093	
4262	
4262	
4262	
12385	
7382	
7382	
7382	
7382	
3262	
14351	
10373	
2873	
11592	
5	
5	
5	
1461	
1461	
14477	
2188	
2188	
4497	
4497	
4497	
9754	
12302	
5731	
5731	
10679	
10679	
2492	
2492	
14781	
14149	
1860	
14740	
1317	
13606	
1317	
13606	
1787	
1787	
14076	
1787	
2303	
6334	
6334	
7957	
2462	
14751	
14751	
14751	
14751	
817	
13106	
817	
13106	
8065	
8312	
8312	
9596	
12718	
12718	
12718	
14802	
14802	
2513	
2513	
6327	
8479	
5781	
5781	
5781	
5036	
5036	
10444	
7520	
1433	
12293	
12293	
12536	
1084	
1084	
1084	
13033	
5008	
5916	
4698	
4698	
1608	
6897	
6897	
6626	
6626	
13464	
1561	
6025	
11054	
7732	
661	
661	
661	
5543	
13518	
5646	
7804	
4496	
14528	
13519	
10147	
10147	
1819	
14108	
7510	
7510	
2786	
2786	
2786	
2786	
563	
12852	
12852	
5268	
8284	
560	
560	
10653	
5371	
10112	
12186	
14352	
2063	
4616	
4616	
12415	
126	
11395	
10347	
10347	
10993	
10993	
10993	
8566	
7140	
1261	
1261	
2917	
2917	
2917	
14197	
14197	
1908	
14498	
4669	
883	
655	
655	
6215	
6215	
3988	
5301	
9965	
6128	
4553	
4553	
2807	
2807	
2807	
2559	
2559	
2559	
3351	
7374	
7374	
7374	
7246	
6612	
3853	
7328	
13017	
728	
9478	
3033	
6185	
6185	
5631	
14827	
2538	
14827	
2538	
14827	
2538	
9125	
9125	
3521	
3521	
3521	
5267	
2562	
13517	
13517	
10752	
14486	
14486	
14794	
2299	
9081	
14143	
123	
123	
12412	
123	
12412	
11417	
13556	
13556	
1267	
10573	
10573	
5270	
7628	
7628	
8288	
2363	
2363	
5697	
5697	
12220	
12220	
12220	
5502	
6789	
6789	
3564	
8464	
14878	
11642	
11642	
11642	
10587	
10587	
5061	
5061	
6775	
13514	
13514	
1225	
13583	
13583	
13583	
3384	
423	
423	
423	
12712	
12712	
2728	
1180	
13469	
4429	
4429	
9415	
12638	
3242	
3242	
228	
228	
228	
13128	
13128	
839	
13128	
9524	
9524	
11206	
5286	
5286	
5286	
13983	
13983	
13983	
13983	
1694	
1694	
6848	
11942	
11942	
9268	
9268	
6062	
3632	
3632	
153	
7062	
7062	
404	
10445	
69	
6513	
9189	
9225	
9225	
6927	
6927	
12997	
12997	
12997	
4208	
4208	
4896	
4896	
4896	
8130	
13207	
918	
11891	
7760	
7760	
7760	
7760	
3445	
7560	
7314	
11437	
4592	
4592	
10048	
8118	
2556	
2556	
3760	
7699	
7400	
6222	
6222	
3149	
2179	
4736	
4736	
7720	
11208	
11208	
14155	
1866	
1866	
11224	
11224	
11728	
18	
11905	
1042	
13331	
5689	
5689	
4687	
14615	
14615	
395	
5256	
5256	
4672	
54	
54	
54	
5253	
8224	
6160	
6912	
12331	
12331	
42	
6329	
1117	
9968	
9968	
9968	
9968	
9968	
9968	
5469	
8966	
981	
13270	
5877	
3927	
7488	
7488	
425	
425	
4701	
14766	
14766	
14766	
6959	
5141	
12453	
6306	
6306	
6306	
5459	
5459	
365	
3401	
598	
12887	
12887	
9806	
9806	
6461	
6461	
6914	
3019	
3019	
512	
512	
12801	
7191	
7191	
7191	
9355	
9355	
9164	
9164	
9164	
102	
102	
102	
12391	
5328	
6641	
3123	
3123	
6187	
14012	
1723	
13689	
13689	
2774	
2774	
1899	
1899	
7401	
766	
766	
13055	
13055	
8182	
7355	
1115	
13404	
9	
12298	
8105	
8105	
8105	
8105	
8105	
8105	
8105	
2770	
2770	
14185	
14185	
9859	
9859	
7551	
7551	
3901	
6682	
14219	
1930	
11952	
7418	
14703	
3338	
1324	
1324	
527	
527	
5906	
11367	
11367	
2175	
2175	
14464	
14464	
11959	
11959	
13810	
7307	
7307	
12144	
738	
3803	
5791	
5791	
10076	
5585	
3736	
7730	
7730	
7468	
7327	
7327	
8728	
9903	
9903	
3193	
3193	
3193	
1390	
1390	
4492	
4492	
3654	
14594	
6350	
14214	
14214	
14214	
9463	
9463	
12499	
210	
7463	
6057	
1690	
11765	
11765	
7690	
7690	
5041	
256	
12545	
256	
12545	
12545	
297	
13877	
13877	
1588	
3962	
4278	
4278	
1932	
8068	
9661	
6714	
6714	
3461	
2831	
2831	
2831	
4978	
7451	
775	
775	
491	
491	
12780	
12780	
9357	
6424	
6424	
6424	
761	
761	
13050	
761	
877	
877	
7789	
11066	
11066	
11254	
11254	
7358	
2250	
3771	
3838	
3838	
7556	
7585	
7585	
7585	
7585	
6180	
7648	
7648	
13788	
1499	
5639	
5639	
7598	
10523	
10523	
2793	
2793	
2793	
762	
14416	
14416	
14416	
4558	
4558	
230	
12519	
4146	
1301	
3175	
4369	
4369	
4369	
9525	
9525	
8111	
8111	
8291	
7639	
5698	
4651	
4651	
13196	
1311	
5372	
5994	
5994	
11021	
11021	
11021	
1924	
6527	
12430	
141	
141	
12430	
12430	
5214	
7031	
6271	
9626	
6804	
14817	
14817	
12357	
12357	
68	
14245	
14245	
11511	
11511	
13411	
1122	
10533	
10533	
10533	
10533	
11226	
2598	
2598	
2598	
1296	
1296	
13585	
11055	
11055	
128	
12322	
12322	
12322	
4211	
4211	
4211	
2911	
11964	
3840	
4321	
2865	
6200	
5771	
5343	
5662	
14535	
5517	
1645	
1645	
1645	
7975	
7975	
12161	
12161	
12161	
5387	
3539	
3537	
5083	
7082	
7082	
12613	
5973	
7524	
7524	
5641	
1814	
6996	
5990	
5854	
5854	
1973	
984	
14028	
1739	
1739	
1739	
7343	
9302	
2602	
13174	
13174	
885	
6279	
4628	
4628	
4628	
5821	
7001	
7001	
7001	
7419	
7419	
13070	
781	
781	
9958	
9958	
8625	
8625	
4241	
4241	
12552	
263	
7995	
9206	
9206	
6133	
9605	
9605	
12640	
12640	
9604	
13700	
1411	
11744	
13878	
13878	
1589	
1589	
7053	
7053	
7053	
12574	
3068	
9518	
9518	
12485	
12485	
196	
12485	
11867	
2764	
11032	
11032	
11419	
11419	
12575	
10424	
10424	
9755	
3176	
3176	
11434	
11434	
3215	
3215	
6217	
6610	
9090	
4591	
10052	
10052	
3750	
5323	
5323	
5323	
7716	
3452	
3452	
3452	
592	
592	
12881	
7759	
7759	
7759	
492	
492	
7261	
7261	
13374	
13374	
13374	
3846	
3846	
12340	
51	
12340	
51	
12340	
12649	
360	
8491	
6233	
3415	
3415	
9228	
1095	
13001	
13001	
712	
2399	
11260	
11260	
6710	
6710	
5711	
7974	
4268	
4268	
3656	
3656	
14495	
14495	
6643	
985	
985	
9934	
8172	
8172	
12478	
12136	
7208	
7208	
7208	
14901	
5442	
5442	
5541	
5541	
3665	
3665	
3665	
7490	
7490	
3588	
10636	
3319	
3319	
3319	
2830	
2830	
6867	
6867	
6867	
7465	
11037	
11037	
7223	
7223	
13874	
14509	
3245	
11572	
10302	
13573	
13573	
7486	
4281	
4281	
13233	
5433	
275	
12564	
12564	
2879	
2879	
5326	
6199	
8490	
6547	
6547	
757	
13046	
13046	
517	
517	
517	
10498	
12645	
12645	
12645	
356	
5702	
10925	
3247	
14526	
6284	
6284	
3082	
7047	
7047	
10878	
10878	
10878	
7910	
7910	
4609	
4888	
4888	
4888	
14295	
14295	
2268	
2268	
1582	
1582	
13871	
1582	
1582	
12989	
3403	
14369	
14369	
14369	
4137	
1477	
13653	
13653	
1364	
2777	
14623	
2334	
9593	
9593	
9593	
3395	
3395	
12991	
702	
12991	
702	
12991	
13310	
6784	
4932	
4932	
8258	
8258	
8258	
8258	
8258	
7940	
5720	
5720	
5720	
5720	
5720	
9997	
11873	
8921	
10568	
10568	
3286	
4973	
3171	
7077	
7077	
7077	
2333	
2333	
2333	
12126	
12126	
12126	
12126	
5012	
5012	
3758	
5525	
5642	
7837	
7485	
5744	
10367	
4229	
4229	
4229	
4345	
11593	
7000	
3293	
10238	
10238	
10532	
10532	
5904	
5904	
4465	
4465	
4465	
4854	
10891	
13168	
13224	
5167	
2226	
2226	
4603	
4603	
14001	
9946	
9946	
142	
10987	
10987	
9317	
1753	
14042	
14042	
4639	
4639	
4639	
7344	
155	
155	
12444	
7256	
6653	
8576	
8576	
10860	
13360	
13360	
3490	
3490	
2184	
14473	
2184	
12459	
12459	
170	
170	
4129	
4129	
6516	
83	
83	
4253	
9266	
14313	
1208	
1208	
1208	
4032	
1975	
7615	
6779	
6779	
4832	
4832	
5148	
6055	
504	
504	
504	
3458	
8658	
8320	
12395	
106	
106	
13000	
13000	
7221	
4107	
5375	
216	
216	
2419	
2419	
7434	
704	
704	
14692	
14692	
2403	
14692	
836	
776	
13065	
776	
776	
12112	
12112	
10337	
13463	
3297	
5753	
9770	
4523	
4523	
3049	
3049	
14312	
14830	
6562	
6562	
1842	
3829	
5663	
2871	
7988	
7988	
7988	
92	
6309	
6309	
2797	
2797	
2797	
2797	
12114	
6411	
1466	
13755	
9589	
6651	
178	
178	
12219	
6702	
14910	
2621	
3519	
8508	
8508	
9749	
14637	
14637	
14637	
2348	
4293	
14081	
14081	
3888	
3888	
6148	
6148	
4719	
4719	
14332	
14332	
3035	
3035	
3035	
3035	
11477	
11477	
9289	
9289	
9289	
9289	
3911	
14438	
4582	
4582	
12031	
12031	
4059	
4059	
11124	
1154	
12542	
253	
253	
253	
4880	
11405	
11405	
11405	
6845	
7064	
7064	
6929	
3408	
3408	
9813	
12572	
5339	
5339	
5339	
8880	
11779	
218	
7824	
7824	
7824	
13175	
11182	
12786	
4118	
4118	
9843	
9843	
12329	
4197	
4197	
4197	
4834	
4834	
11050	
7288	
6489	
2672	
7535	
1424	
13713	
8939	
2769	
13157	
13157	
8204	
10273	
7503	
11039	
7952	
7952	
5322	
5322	
5322	
1041	
1041	
1041	
11956	
11956	
5350	
13220	
9028	
5307	
9103	
9103	
9973	
9973	
5776	
11063	
6493	
8410	
9985	
1371	
1371	
5420	
12843	
12843	
12843	
554	
10317	
10317	
14876	
14876	
10858	
4053	
5145	
6889	
3745	
6708	
5757	
5757	
993	
993	
14281	
3365	
8332	
8332	
11726	
11726	
11726	
9873	
3267	
3267	
1780	
1780	
1780	
6859	
358	
358	
12647	
489	
489	
489	
12778	
12778	
3324	
3324	
3324	
2870	
1612	
14383	
2094	
14383	
14606	
2317	
9480	
14345	
2056	
9392	
9392	
9392	
1427	
1427	
6505	
6505	
6505	
12677	
388	
388	
388	
12677	
5940	
13276	
4413	
13866	
3520	
9461	
6138	
6138	
5788	
5788	
10142	
6141	
14778	
2489	
9803	
9803	
9803	
14567	
14567	
1844	
2866	
12751	
14340	
4300	
5853	
2542	
8852	
8852	
11491	
503	
12792	
12792	
13563	
9123	
9123	
5311	
1286	
11118	
10047	
10047	
2003	
7108	
7108	
5447	
7618	
7618	
7618	
3824	
3824	
3899	
3677	
5529	
5151	
8237	
8917	
11453	
9818	
9818	
9818	
3380	
3594	
9221	
7784	
2994	
10697	
10697	
3735	
3735	
14534	
14534	
3668	
4856	
5582	
6655	
6655	
3547	
5948	
741	
741	
12027	
4947	
5793	
5793	
5841	
5841	
5126	
9900	
9900	
50	
3862	
13188	
409	
7811	
7643	
9601	
9601	
6368	
5780	
3167	
3167	
11336	
11336	
11336	
3723	
3723	
6825	
6825	
13239	
6361	
9462	
251	
251	
9047	
9047	
9047	
9047	
1584	
1584	
1584	
12441	
590	
12879	
8102	
12421	
12421	
9068	
10901	
11042	
11042	
9862	
9862	
9862	
9862	
7766	
7645	
3622	
3622	
3622	
10138	
10138	
5466	
5466	
5466	
7089	
7089	
7089	
6494	
8390	
5028	
5028	
7536	
7536	
12998	
709	
12998	
3157	
14274	
14274	
2077	
2077	
14505	
14223	
13827	
13141	
14933	
14933	
14024	
14024	
1735	
5114	
1553	
4463	
14371	
14371	
12595	
12595	
13492	
14118	
1829	
6311	
8394	
7232	
4872	
6707	
6707	
10829	
12532	
254	
254	
254	
12451	
162	
162	
14579	
2290	
7642	
7642	
7642	
12676	
12676	
3128	
7214	
8141	
8141	
11447	
11794	
3641	
3641	
3641	
2361	
2361	
2361	
14650	
14650	
10118	
10118	
11482	
7509	
11108	
11108	
5993	
5993	
1395	
696	
696	
5921	
8267	
8267	
9972	
1683	
7276	
7276	
7276	
11148	
7920	
557	
1539	
3294	
27	
27	
12316	
12316	
12316	
9708	
9708	
1832	
1832	
1832	
311	
10797	
7471	
2362	
2362	
2362	
5101	
5101	
487	
4207	
3874	
3874	
4604	
4604	
14335	
6020	
6020	
6020	
4945	
4945	
7706	
6421	
5870	
13343	
2015	
5524	
5231	
6864	
743	
8646	
14522	
13521	
13521	
13521	
2862	
2862	
10716	
10716	
7899	
7899	
14577	
14334	
14334	
2812	
5571	
7928	
7282	
8651	
6751	
9595	
6716	
6716	
6716	
6716	
6788	
6788	
7289	
7289	
11271	
3436	
3436	
3436	
3436	
9790	
9790	
9790	
9905	
11743	
8775	
8911	
7156	
7156	
7156	
7156	
7905	
6559	
1885	
1885	
1885	
14174	
6531	
6531	
737	
217	
217	
6131	
4887	
4799	
2694	
2694	
14983	
2694	
63	
63	
2755	
2755	
3460	
7474	
6080	
3125	
10771	
10771	
5878	
12208	
12208	
4238	
12650	
361	
361	
361	
6282	
6282	
2565	
2565	
2565	
10514	
10514	
2360	
10799	
10799	
10799	
14022	
14022	
4344	
4344	
14541	
5068	
7915	
7915	
7915	
7264	
8023	
14746	
9389	
9389	
14820	
2531	
5607	
5607	
10219	
3685	
986	
986	
986	
986	
9436	
1396	
1396	
11496	
11496	
11496	
8354	
3867	
10988	
8437	
8437	
11835	
2297	
2297	
12523	
234	
8338	
3009	
5247	
5247	
4519	
4519	
1314	
745	
745	
726	
10664	
5218	
13069	
13880	
13880	
1242	
10592	
2291	
14580	
12149	
12149	
6444	
14995	
4898	
3448	
3448	
7968	
7968	
7968	
7968	
5315	
5315	
11062	
11614	
9816	
9816	
4067	
4067	
13387	
13387	
1098	
9241	
6487	
8225	
8225	
8225	
8225	
9112	
7262	
4938	
4938	
4938	
11185	
11185	
11185	
11185	
11185	
12525	
13852	
13852	
13090	
9543	
12907	
12907	
10734	
5818	
12491	
12838	
3971	
3971	
11527	
10603	
10603	
4951	
14299	
14299	
14299	
11537	
11537	
6579	
6579	
3586	
10247	
14218	
1929	
4755	
4755	
6675	
6675	
3719	
2835	
2835	
14100	
1811	
14532	
6312	
6312	
1479	
4835	
4624	
5282	
1952	
14241	
4537	
4537	
4355	
12050	
2908	
7546	
7962	
12049	
4640	
4640	
13035	
13035	
746	
746	
11110	
10397	
13216	
927	
927	
927	
4337	
2261	
14550	
2261	
6916	
13814	
13814	
10672	
3303	
3303	
3303	
11077	
11077	
4870	
1503	
1757	
4652	
4652	
8689	
8689	
6729	
4240	
4240	
4240	
4240	
887	
13176	
3530	
3530	
3115	
3115	
7157	
13327	
1038	
11715	
11715	
4004	
5178	
6611	
6611	
7245	
4552	
6502	
1197	
1197	
1197	
9176	
9176	
8188	
8060	
12826	
12826	
537	
7125	
639	
639	
561	
4282	
4282	
7714	
7714	
7714	
5587	
5587	
11541	
12310	
3928	
4455	
4455	
5357	
5357	
6901	
4786	
1432	
1432	
7504	
1761	
1761	
5535	
5058	
5058	
261	
10026	
7129	
3900	
3900	
819	
819	
4522	
4522	
4522	
5212	
14171	
14171	
14171	
3080	
13977	
6117	
6117	
11408	
7933	
9581	
4593	
4593	
5304	
6358	
6358	
4571	
6678	
5009	
7692	
8504	
6780	
2572	
14861	
14861	
14861	
14861	
14861	
8747	
10928	
4424	
4424	
4424	
4424	
9603	
9603	
194	
13863	
13863	
13863	
2042	
2042	
8678	
6969	
13631	
1342	
13631	
3210	
14836	
14836	
6647	
6647	
11072	
11072	
3399	
2963	
2762	
13371	
13371	
2761	
3111	
3111	
4025	
14643	
2354	
6034	
8074	
8074	
4236	
4236	
5887	
12723	
12723	
434	
434	
9547	
12673	
2936	
5171	
5171	
13163	
13163	
874	
874	
4079	
4079	
4079	
11198	
6288	
6288	
6288	
4666	
7407	
11093	
161	
12450	
161	
161	
12450	
12450	
3592	
4908	
4908	
13347	
14105	
14105	
1884	
6697	
4119	
4119	
4472	
3827	
13929	
14927	
7745	
11539	
11539	
11539	
1236	
1236	
13525	
8230	
8230	
10386	
4533	
12610	
10783	
7864	
11390	
9948	
9948	
2619	
7888	
7888	
13003	
1282	
1282	
3099	
3099	
614	
12903	
614	
14779	
4318	
11863	
11863	
2716	
2716	
12019	
14736	
2447	
2447	
6418	
2101	
2101	
14390	
3007	
35	
7128	
7128	
4915	
6453	
6453	
10275	
2909	
2909	
13097	
2819	
6190	
6190	
8054	
8054	
6349	
10081	
10081	
662	
662	
12951	
12951	
12951	
14665	
14665	
11376	
13696	
11660	
11660	
4936	
4936	
13545	
694	
694	
12221	
3945	
588	
588	
12877	
12877	
4941	
4941	
4003	
4003	
7845	
875	
875	
875	
7384	
13855	
13855	
13855	
1566	
7404	
7404	
7404	
2805	
2805	
2805	
2805	
2116	
2989	
12842	
12842	
10439	
2857	
12119	
14605	
7631	
8766	
8766	
3497	
10576	
13898	
1609	
1609	
13898	
13898	
5964	
13780	
1491	
3253	
1568	
13857	
13857	
13857	
9327	
8855	
3931	
5633	
13301	
7120	
2692	
14981	
6937	
6937	
6937	
6719	
12735	
12735	
12735	
12735	
5874	
5874	
10442	
10442	
6899	
6899	
14727	
2438	
2438	
7103	
7103	
10726	
4560	
4560	
4560	
9390	
9390	
7800	
11992	
11992	
3963	
3963	
11499	
11499	
11499	
9492	
9492	
7061	
6576	
7891	
7891	
5533	
10107	
3037	
3442	
3556	
10893	
3966	
3429	
3429	
5027	
6593	
8213	
6193	
242	
242	
242	
4302	
1605	
1605	
11878	
5472	
6923	
6923	
12278	
3228	
4710	
4710	
4703	
4703	
10354	
10354	
9681	
9681	
9681	
14427	
6088	
12025	
4957	
10835	
10835	
4077	
9098	
12233	
4702	
8336	
8336	
3540	
4966	
4966	
4966	
9578	
9578	
10921	
10299	
10299	
7467	
5366	
5366	
5366	
8192	
2074	
6777	
3278	
294	
8090	
2469	
2469	
7592	
4334	
4334	
4334	
14761	
2472	
2472	
5484	
7283	
11689	
1984	
1984	
6832	
6832	
13113	
12319	
12319	
3591	
5872	
5134	
5134	
5134	
13596	
13596	
1307	
1307	
2574	
14863	
14863	
2453	
2453	
2844	
2844	
7757	
6332	
6332	
8813	
108	
108	
6921	
3865	
3865	
2417	
2724	
5598	
5598	
1145	
1145	
10437	
5376	
6586	
6586	
6586	
1094	
909	
11678	
5888	
5888	
2864	
3000	
6060	
6060	
6060	
10708	
10708	
999	
999	
9181	
1217	
5840	
5840	
12023	
13489	
1200	
3847	
3847	
3340	
12235	
12235	
5073	
5073	
2626	
2626	
2626	
2626	
2626	
5982	
12768	
6773	
1206	
1206	
13495	
11452	
1557	
1557	
1557	
13846	
7164	
7164	
6526	
6526	
5557	
5557	
13352	
1063	
1063	
1063	
2031	
14320	
14320	
5648	
5648	
7144	
2899	
9519	
9519	
5903	
6408	
6165	
9490	
14228	
14228	
4949	
7688	
5118	
8708	
8286	
12168	
11410	
4510	
4510	
12560	
5695	
10486	
13318	
3810	
8972	
7002	
7002	
6029	
6029	
5119	
5119	
12653	
12653	
364	
1502	
1502	
13791	
13791	
4372	
5235	
5235	
5665	
7817	
10448	
10448	
10448	
10867	
3937	
3937	
4891	
10630	
10630	
175	
175	
12527	
238	
9315	
9315	
7594	
7594	
4026	
4444	
7032	
7032	
6968	
14207	
14207	
11934	
12719	
4636	
1213	
13502	
9576	
5395	
13370	
1081	
1081	
1081	
8532	
8532	
13459	
1170	
4538	
4538	
9066	
9066	
11693	
11693	
13895	
4460	
7154	
3195	
3195	
3195	
2609	
2609	
14898	
4983	
4983	
1957	
1957	
2380	
12262	
9528	
14548	
14548	
14548	
5700	
5700	
13860	
13860	
14585	
7236	
7236	
12192	
12192	
1002	
1002	
13291	
13291	
114	
9381	
3133	
7060	
6588	
1110	
13399	
12163	
3481	
8795	
8795	
6803	
6803	
6803	
7325	
7325	
7325	
7435	
5421	
9775	
7138	
7138	
9565	
9515	
9515	
9515	
5795	
5795	
11433	
11433	
13886	
13541	
13541	
2867	
7636	
8431	
4694	
9665	
400	
400	
400	
400	
1781	
14070	
8910	
14379	
14379	
12406	
12406	
12406	
4094	
4094	
6850	
6850	
6850	
11147	
10790	
630	
630	
630	
9559	
9013	
5266	
4227	
4426	
14126	
1837	
5491	
6670	
6670	
8051	
8051	
14041	
9607	
9607	
5629	
2502	
14791	
14791	
14791	
12911	
622	
2129	
14418	
12721	
12721	
432	
3209	
488	
488	
12777	
12777	
12777	
7257	
3743	
3743	
4298	
5569	
5569	
10384	
14712	
5784	
5784	
5784	
8978	
5059	
6115	
6115	
10687	
14443	
2154	
2154	
14493	
2204	
2861	
4008	
10215	
10215	
7478	
8101	
8101	
13930	
12012	
12012	
8661	
14032	
14032	
1743	
312	
312	
312	
5389	
10096	
7302	
7302	
6841	
6841	
8210	
8210	
8210	
8210	
8210	
377	
377	
5826	
9664	
9664	
6813	
6953	
6953	
264	
4840	
10997	
4186	
4186	
12554	
12554	
265	
6584	
5254	
5254	
10458	
11793	
5564	
5564	
5564	
12303	
12303	
12303	
406	
12695	
12695	
3969	
3969	
3969	
13634	
1345	
7653	
13334	
13334	
13334	
7185	
12266	
6065	
6409	
6409	
56	
56	
12345	
8525	
4630	
4630	
28	
4608	
4608	
4608	
4608	
4608	
426	
426	
12715	
9085	
9085	
3087	
4084	
4084	
8149	
11157	
11157	
3366	
3366	
3366	
4648	
4648	
10868	
12394	
105	
14980	
14980	
13271	
7689	
6569	
6882	
3041	
13915	
13915	
5049	
5049	
10854	
10854	
4911	
14269	
14269	
1980	
4598	
4598	
9020	
7992	
7992	
3975	
3975	
5819	
3626	
9743	
10172	
13539	
13539	
5996	
5996	
1527	
13816	
13816	
5418	
5418	
12924	
635	
12924	
1771	
9901	
9901	
4878	
4878	
4878	
530	
4239	
4239	
9029	
6497	
8018	
8018	
3893	
11712	
11712	
12603	
10680	
6721	
6721	
6721	
7877	
11011	
9405	
9405	
9405	
6241	
6241	
6241	
13021	
4154	
7743	
8215	
10098	
2210	
2210	
14499	
3098	
5052	
10730	
5351	
10176	
10176	
11048	
10291	
10291	
10291	
10616	
9365	
1876	
1876	
14165	
14165	
14165	
3433	
3433	
798	
9992	
4031	
4031	
5429	
7393	
2207	
14496	
13694	
10810	
14824	
14824	
12273	
375	
375	
12486	
6431	
6431	
9616	
13589	
13589	
5397	
921	
8349	
8349	
8349	
14467	
13682	
7663	
7663	
11190	
11190	
7197	
7197	
14710	
4934	
6668	
5932	
1387	
1387	
12587	
12587	
12587	
13442	
13442	
9046	
9046	
9046	
9046	
9702	
7305	
1198	
820	
13109	
11578	
11578	
11578	
11578	
3819	
87	
2605	
2605	
2605	
14894	
14894	
14894	
10206	
1069	
13737	
2551	
8722	
8722	
3731	
3731	
3731	
7793	
7793	
7617	
7617	
7172	
6557	
6557	
7863	
13324	
13324	
10566	
10566	
8069	
8069	
10075	
10075	
4038	
4038	
5636	
5636	
10255	
10255	
10255	
13989	
13813	
5478	
9119	
10039	
3898	
6	
12295	
12295	
1744	
1744	
11265	
11265	
5730	
5730	
10581	
13483	
13483	
1194	
1194	
2310	
2310	
2310	
14599	
10956	
6448	
9986	
9986	
9986	
5926	
2732	
8384	
13068	
2247	
7190	
7190	
7233	
5563	
5563	
10061	
10061	
831	
13120	
831	
831	
14187	
7553	
8912	
4912	
7076	
7076	
11531	
7462	
7462	
10754	
13061	
13061	
6913	
8700	
8700	
8700	
13756	
13756	
9994	
2099	
8016	
8016	
8016	
14686	
12875	
586	
586	
5581	
6723	
6723	
4793	
13049	
14083	
1794	
14905	
14905	
2616	
3296	
3567	
3567	
6272	
6272	
13804	
13742	
13742	
13742	
7495	
7495	
7252	
5413	
5413	
2411	
14700	
10477	
3575	
11272	
10462	
10462	
13760	
3031	
3031	
3031	
3031	
2751	
2751	
9160	
9160	
9160	
9012	
11675	
11675	
11675	
7219	
7219	
11215	
11215	
2413	
2413	
8132	
6382	
11497	
9116	
7194	
2341	
4446	
3423	
3423	
6275	
837	
13126	
5919	
5919	
13122	
833	
833	
833	
6765	
4568	
6482	
4493	
4493	
4493	
5508	
5508	
6903	
8578	
457	
12746	
5356	
5356	
5356	
5356	
9772	
6808	
4747	
3936	
4526	
10936	
2177	
9858	
5407	
5407	
5416	
5416	
7823	
7174	
1440	
6564	
4100	
11929	
12656	
8645	
3197	
7402	
5846	
10658	
10924	
237	
12526	
3940	
3002	
3002	
8276	
8997	
8808	
5664	
5664	
14270	
14821	
290	
5074	
9498	
9498	
9498	
8256	
5378	
8112	
12961	
12961	
672	
13720	
11322	
11322	
4203	
1656	
7998	
11997	
10183	
10183	
1171	
3264	
3264	
9893	
5763	
5763	
5763	
5763	
3143	
3143	
5207	
7892	
7892	
11269	
11269	
11269	
1144	
14987	
10103	
6143	
13042	
13042	
13042	
5007	
5007	
5898	
2165	
2165	
5035	
5035	
9267	
2549	
14838	
5693	
11628	
11628	
8245	
8245	
4780	
4780	
11242	
10994	
6554	
3643	
11906	
11906	
11906	
11906	
3059	
3059	
13307	
3138	
6665	
6665	
9262	
9262	
5281	
6894	
13036	
747	
8608	
8608	
13154	
865	
865	
7803	
10632	
4686	
4686	
4686	
470	
470	
12759	
12759	
3715	
7709	
7709	
11604	
11604	
688	
688	
688	
12977	
12977	
7494	
9169	
9960	
9960	
7571	
7571	
7571	
10857	
10857	
1807	
7285	
3522	
12662	
373	
8292	
6770	
6770	
317	
317	
12606	
317	
4866	
4866	
1078	
13367	
13367	
2618	
2618	
14885	
2596	
11575	
12109	
14239	
9875	
10375	
10375	
10375	
3788	
3788	
3788	
13006	
717	
10555	
5986	
1367	
6831	
6831	
6831	
6831	
2688	
14977	
2688	
14977	
3117	
14787	
14787	
3724	
3724	
7914	
11138	
11138	
11138	
2628	
2628	
2628	
14917	
6383	
7269	
8913	
8913	
4103	
4103	
14095	
14095	
2190	
9202	
6550	
14417	
2128	
6933	
2730	
8999	
8097	
8097	
7294	
10105	
10105	
10105	
5464	
5234	
10605	
12851	
6994	
6994	
9808	
4016	
4016	
13194	
13194	
13194	
10059	
10059	
10059	
10059	
13907	
6963	
4541	
7831	
7831	
13236	
947	
1184	
4045	
11569	
3285	
8397	
7772	
916	
3320	
12200	
5333	
12248	
10459	
10459	
9488	
10624	
14922	
2633	
5978	
5978	
8858	
8858	
9527	
7146	
7146	
7146	
7753	
3843	
3843	
4943	
680	
680	
6147	
1754	
14043	
5138	
14739	
625	
11501	
11501	
391	
12680	
8006	
8006	
10298	
12306	
5609	
13332	
1043	
1043	
13332	
11268	
11268	
3255	
3255	
3255	
6983	
10414	
10414	
10414	
11978	
9544	
9791	
10325	
10325	
10325	
10325	
94	
12383	
94	
94	
209	
5838	
11786	
4867	
3753	
3753	
11255	
3924	
3924	
541	
541	
12830	
541	
541	
541	
541	
7671	
7671	
1750	
4554	
7859	
7859	
3006	
4816	
4816	
7724	
7670	
14993	
5492	
5368	
5368	
3627	
3627	
11586	
10934	
10934	
12533	
13357	
13357	
6228	
6228	
78	
78	
78	
78	
78	
8470	
14906	
41	
11293	
11293	
5809	
7151	
10602	
5383	
5383	
5364	
5364	
2625	
12841	
12841	
9796	
6514	
8482	
8482	
10333	
8393	
14560	
14560	
3345	
13111	
12156	
12156	
7427	
12145	
12145	
5923	
13949	
13949	
2816	
2816	
4645	
4622	
4622	
4622	
724	
13013	
13013	
13013	
8344	
2725	
2725	
2725	
10693	
3283	
14563	
14563	
2274	
8697	
8697	
7527	
347	
13204	
13204	
915	
9019	
3419	
3419	
8136	
8136	
9348	
9348	
9348	
11685	
5555	
5555	
5555	
2980	
12484	
195	
195	
8567	
10480	
10480	
12740	
451	
14687	
14687	
2398	
3599	
5115	
2778	
2778	
4792	
4792	
4792	
3398	
11509	
7870	
4371	
5890	
5890	
12275	
13960	
13960	
5021	
3981	
7199	
6724	
6724	
6724	
843	
843	
3503	
3503	
3503	
3808	
3808	
3808	
13079	
790	
9558	
10543	
11394	
11173	
11173	
3806	
3806	
6331	
8842	
9691	
9691	
10912	
10912	
10912	
5628	
5628	
8950	
8644	
10	
13595	
1306	
4136	
4136	
7529	
7529	
7529	
6319	
6319	
6319	
3301	
3301	
4397	
8025	
5694	
3514	
3514	
1522	
1522	
3837	
3961	
3961	
12940	
651	
651	
14074	
4165	
1633	
1633	
13221	
932	
932	
9236	
9236	
9236	
9009	
9009	
7502	
12929	
4488	
4488	
5448	
5448	
5448	
12005	
5792	
6210	
3243	
12696	
407	
12696	
11990	
11990	
11990	
6587	
6587	
4809	
3298	
4145	
1412	
13316	
13316	
13241	
952	
8373	
8373	
8373	
9895	
9895	
6164	
14483	
12116	
14684	
14684	
2789	
10634	
10634	
10634	
8269	
6194	
12193	
2900	
4195	
11005	
8170	
11149	
974	
1192	
4204	
3374	
3374	
11920	
14471	
2169	
14458	
2169	
13578	
13578	
1289	
3502	
10643	
10643	
7737	
10002	
5233	
5233	
5476	
8743	
8743	
8743	
6807	
6807	
4213	
4213	
4213	
1676	
2682	
14971	
14971	
14971	
4440	
4440	
7260	
7260	
8015	
8015	
11965	
84	
84	
5514	
12449	
12449	
160	
7029	
12148	
4051	
12059	
12059	
2779	
2779	
2234	
14523	
2234	
6058	
6058	
5299	
5299	
2741	
2741	
2741	
9658	
9658	
3513	
14573	
14573	
7632	
7632	
8047	
13259	
970	
14801	
12134	
12134	
6420	
6420	
2332	
2332	
2229	
2229	
14518	
14518	
14518	
10284	
10570	
12177	
12177	
13089	
800	
6686	
9717	
9233	
6445	
10153	
7188	
11858	
11858	
9058	
9058	
5703	
12371	
12371	
82	
12470	
12470	
181	
2273	
14562	
8219	
7296	
7296	
5386	
10066	
10066	
14408	
2119	
12771	
482	
8109	
5803	
7748	
10334	
5601	
679	
679	
679	
7676	
2787	
10270	
88	
12377	
12377	
4513	
4513	
4513	
4513	
4585	
5566	
10954	
4225	
4225	
12528	
12528	
3718	
2524	
2524	
7775	
6657	
13588	
13588	
1299	
5728	
13500	
13500	
2183	
13465	
8106	
3814	
2645	
3201	
9394	
11315	
11315	
11315	
10408	
10408	
5696	
11826	
11826	
4414	
4414	
14744	
2455	
6119	
851	
13140	
13140	
13140	
3639	
4877	
4877	
6253	
12158	
13182	
13182	
893	
5952	
5952	
14115	
14115	
1826	
1826	
14115	
8161	
7799	
11904	
6002	
2713	
2713	
2713	
12042	
12042	
8307	
5547	
5547	
13201	
3623	
1451	
10368	
10368	
10368	
3613	
3613	
10109	
10109	
7707	
7707	
7707	
7707	
13235	
13235	
946	
13235	
946	
14138	
14138	
12388	
7590	
7919	
3934	
8656	
6310	
6310	
6310	
9897	
1755	
13687	
1398	
257	
12546	
12546	
10186	
11600	
5675	
5675	
5675	
6536	
6536	
1011	
1011	
1541	
14109	
4819	
12438	
149	
6886	
6886	
6886	
9834	
9834	
4291	
4291	
4291	
13382	
1157	
13446	
3763	
1277	
3634	
3634	
5983	
1134	
1134	
5412	
5412	
8503	
8334	
4958	
14235	
6795	
14453	
2164	
2164	
4190	
7633	
1565	
2106	
7387	
6823	
6823	
3601	
9839	
7388	
7388	
7388	
6690	
6690	
8952	
8952	
6924	
7963	
1129	
1129	
1129	
1941	
1941	
1941	
10625	
5205	
8596	
5072	
9732	
9833	
4486	
519	
7754	
9870	
9870	
12075	
1711	
1711	
11219	
9212	
10380	
10380	
2473	
11915	
11915	
8078	
12984	
11514	
11911	
11911	
2998	
11938	
11938	
11938	
11938	
7413	
12079	
6466	
6353	
6385	
4105	
13534	
8110	
8110	
410	
410	
9286	
9126	
11893	
11893	
12639	
12639	
12446	
7897	
7897	
1864	
1864	
8782	
8782	
10501	
10501	
4466	
4466	
8742	
4162	
4162	
3560	
3560	
7312	
4649	
9475	
6739	
7057	
6790	
6790	
4633	
4633	
11999	
11999	
5430	
5430	
485	
485	
11371	
11075	
5180	
5180	
13586	
13586	
1297	
1867	
1867	
3060	
2145	
2145	
6447	
4144	
5768	
6830	
6830	
7268	
7268	
7268	
6109	
6109	
6109	
8217	
12591	
6878	
3416	
3596	
8790	
8790	
8790	
14227	
14227	
7856	
11739	
11739	
9088	
12839	
550	
1636	
1624	
13913	
13913	
1624	
6346	
6346	
11747	
6630	
4563	
11164	
8909	
8909	
12108	
4965	
4965	
11967	
9911	
9911	
7456	
7456	
7456	
7088	
2523	
2523	
3773	
3773	
3773	
13942	
6585	
11811	
11811	
997	
997	
12700	
12700	
10766	
9044	
9044	
11480	
11480	
6928	
10285	
10285	
10285	
11153	
14478	
14945	
14945	
2656	
8037	
363	
363	
12652	
12672	
6077	
7543	
12063	
12063	
12063	
10540	
10540	
222	
222	
14666	
14666	
7736	
8382	
12885	
12885	
12885	
12885	
1061	
1061	
5236	
5236	
12913	
12913	
12913	
12913	
9724	
6417	
6417	
7507	
7507	
7507	
8647	
8647	
6105	
6105	
6105	
11285	
8436	
1915	
1915	
7574	
11688	
9798	
4171	
10305	
14436	
2147	
2147	
9086	
13630	
1341	
1341	
2922	
2922	
8561	
9235	
13471	
8977	
8977	
8977	
7580	
7580	
14921	
14921	
8993	
901	
3439	
7691	
7691	
6945	
6997	
10534	
10534	
8660	
8660	
7614	
7614	
7614	
4927	
4927	
3967	
4292	
4292	
4292	
9549	
9549	
13577	
13577	
1288	
7281	
5209	
10316	
13392	
9888	
3894	
3894	
10185	
10185	
10185	
5654	
8630	
11113	
4090	
4090	
4090	
6019	
6019	
6019	
6019	
7911	
7911	
7911	
11188	
7205	
11151	
11151	
11151	
458	
458	
538	
11244	
11244	
2529	
2529	
2529	
1142	
1320	
1320	
13609	
11587	
11587	
6197	
4258	
4258	
5398	
3048	
7042	
4818	
4818	
14862	
14862	
2573	
7425	
9996	
6146	
8828	
12458	
11416	
11416	
11416	
3107	
3107	
4769	
2834	
2834	
3045	
5116	
3116	
3311	
14815	
14815	
1718	
14167	
9448	
9448	
9448	
3872	
7145	
7145	
2219	
2219	
8327	
12617	
9076	
9076	
9076	
3239	
3239	
3816	
3816	
10455	
2304	
14593	
2304	
14593	
10385	
12463	
13617	
13617	
4876	
11783	
5859	
2563	
2563	
11085	
4153	
505	
505	
14446	
7390	
7390	
340	
340	
340	
4475	
3038	
8453	
8453	
13892	
5797	
5797	
3254	
4481	
12100	
12100	
1756	
8492	
2722	
2800	
2800	
13888	
13888	
1599	
3570	
3570	
12775	
12775	
643	
643	
643	
3179	
3179	
3179	
3179	
13985	
13985	
13985	
1696	
10195	
10195	
10195	
6962	
6962	
1791	
4550	
14628	
2339	
2938	
4199	
4199	
4199	
4199	
9371	
5761	
5761	
5761	
7481	
7481	
7481	
6149	
7423	
14673	
14673	
11708	
13840	
5450	
5450	
8103	
127	
14071	
14071	
1782	
14071	
5076	
5076	
7851	
7851	
7851	
4925	
12132	
7398	
5568	
12811	
522	
12811	
7904	
7904	
1151	
1151	
1151	
12224	
2790	
10659	
10659	
4725	
4725	
7705	
11611	
11611	
11611	
2494	
2494	
7980	
7980	
7980	
11667	
11667	
2014	
13690	
1401	
1401	
8202	
13695	
13695	
3648	
3648	
14316	
14316	
14316	
8729	
431	
14909	
14909	
5593	
5593	
11248	
11248	
13159	
14782	
14782	
2493	
8363	
8363	
8363	
5875	
5875	
815	
13104	
815	
815	
7349	
13246	
7065	
6955	
6955	
8467	
10267	
10267	
827	
827	
1001	
7778	
7778	
9159	
9159	
12812	
12812	
12812	
6966	
6966	
7492	
6371	
6371	
5759	
5759	
5759	
11532	
11532	
11532	
12860	
12860	
8177	
8177	
9226	
9226	
3922	
13917	
7497	
7497	
1742	
1742	
1742	
14031	
720	
7483	
6596	
953	
953	
13081	
13081	
792	
4391	
2920	
2920	
3535	
3535	
7738	
13477	
13477	
2977	
5668	
6693	
10647	
10647	
873	
924	
924	
7687	
2481	
1802	
13730	
13730	
1441	
1441	
9341	
1493	
1493	
10274	
979	
3518	
3518	
3518	
7704	
3987	
3987	
1886	
14058	
4986	
6191	
12286	
6758	
12360	
9742	
1512	
7309	
12147	
11519	
14224	
14224	
14224	
14224	
11764	
11764	
5425	
5425	
10129	
11458	
3205	
3205	
308	
308	
16	
16	
16	
9330	
6985	
6985	
13248	
13248	
13248	
8302	
8302	
7829	
6467	
2302	
2302	
14284	
14284	
12270	
11852	
11852	
5039	
5039	
10677	
10677	
5630	
14999	
2710	
6269	
3062	
1843	
14132	
2479	
2479	
3430	
8574	
10457	
2527	
2527	
14816	
14816	
14816	
7230	
4215	
3832	
13499	
3841	
3841	
12425	
12425	
7901	
11109	
11109	
12821	
532	
532	
6890	
6890	
3964	
14492	
2203	
14492	
862	
2123	
2123	
2123	
14412	
14412	
6910	
6910	
10668	
10668	
9971	
9971	
14342	
14342	
14342	
2053	
11428	
12612	
323	
323	
8509	
5749	
5749	
5749	
20	
20	
5441	
5441	
13234	
293	
3287	
7049	
14632	
14632	
14632	
3813	
3813	
353	
2757	
14465	
4030	
4030	
4030	
5701	
1114	
13403	
121	
121	
12410	
12410	
12410	
5091	
5091	
5345	
11174	
10151	
10263	
11171	
11171	
8147	
8147	
8147	
9753	
9753	
9753	
4962	
8623	
8623	
9183	
8011	
2869	
7367	
3854	
9190	
9190	
13865	
11526	
7012	
13992	
1703	
1703	
13992	
2780	
2842	
2842	
6711	
6711	
7009	
11564	
11564	
14823	
2534	
2791	
2912	
11326	
8478	
735	
6875	
6875	
6163	
12260	
6575	
6575	
6575	
7761	
7761	
7761	
2709	
2709	
2896	
12245	
313	
313	
2536	
2536	
2536	
14825	
1610	
1610	
13899	
13899	
11846	
5608	
5608	
5608	
5023	
5023	
6031	
6031	
7912	
11507	
5622	
5622	
5057	
11647	
11647	
11647	
3775	
10111	
10111	
10111	
10111	
10111	
9916	
6712	
6712	
10450	
11228	
11228	
10816	
1784	
478	
10006	
6291	
10175	
10175	
6681	
2888	
2888	
10629	
10629	
378	
12667	
6534	
6534	
6534	
12393	
12393	
12393	
12393	
14216	
2809	
2809	
201	
201	
12490	
8001	
14720	
2431	
2431	
2431	
5090	
5090	
10085	
11262	
10042	
10042	
4306	
8462	
4815	
5246	
5271	
5271	
8375	
7734	
7734	
5512	
5512	
5512	
2315	
2315	
2315	
10003	
12238	
12238	
5764	
8459	
6567	
6567	
7319	
10377	
10850	
9759	
14734	
2445	
2445	
3906	
11211	
11211	
14559	
7619	
7619	
8592	
8592	
3500	
3500	
2142	
2142	
10038	
6023	
5905	
14657	
14657	
7045	
7045	
7045	
9250	
10780	
10804	
10804	
3065	
3065	
3065	
14327	
2038	
11230	
11230	
2569	
6625	
9703	
2342	
14631	
5335	
5335	
5335	
12876	
12876	
587	
12876	
587	
6442	
510	
12799	
12799	
891	
3372	
1486	
1486	
13775	
13775	
13775	
10761	
6270	
9531	
3523	
3523	
6179	
4665	
6746	
4691	
10312	
85	
4804	
4804	
1158	
668	
668	
3660	
3660	
5278	
14212	
14212	
1923	
10293	
11302	
11302	
10307	
3925	
10022	
10904	
9744	
9744	
9744	
14513	
14513	
2224	
5867	
8096	
1077	
1186	
13475	
10210	
10210	
2950	
2950	
2950	
6905	
10001	
10001	
10001	
6243	
6243	
6243	
8575	
12320	
12320	
11391	
11391	
4450	
13624	
7004	
11523	
5160	
5160	
1928	
3772	
4614	
10674	
8473	
11065	
7821	
7821	
6733	
6733	
5317	
6308	
6308	
6308	
6308	
6308	
13075	
13075	
786	
10649	
10649	
8036	
14701	
14701	
14701	
8699	
8699	
8699	
7825	
1740	
11202	
11202	
1926	
14215	
14215	
8277	
8277	
8277	
8725	
4473	
4473	
9530	
8039	
8039	
280	
12165	
12800	
9484	
7361	
10262	
10262	
12370	
5362	
5362	
5362	
5362	
6648	
5165	
5165	
10506	
14182	
14182	
1893	
14090	
14090	
3188	
3706	
9835	
6192	
6192	
7739	
11100	
3023	
3023	
8128	
8128	
8128	
8128	
8128	
8128	
9464	
9464	
9313	
9313	
7840	
7840	
7840	
9854	
9854	
14166	
1877	
1877	
1877	
1877	
11768	
4110	
3571	
3571	
2162	
3151	
4857	
3508	
11088	
11088	
11088	
13927	
13396	
13396	
2986	
2986	
7022	
7022	
1266	
13555	
13555	
3013	
3013	
1847	
1847	
1847	
1847	
11064	
11064	
9031	
1359	
11669	
5920	
10208	
5977	
12227	
12227	
9568	
8569	
3712	
8038	
8038	
13734	
1445	
13734	
3933	
9217	
9650	
9799	
4899	
4899	
4899	
4899	
11127	
3935	
8234	
13669	
9092	
4383	
14566	
14566	
14566	
1340	
1340	
12959	
10571	
10571	
4183	
4183	
9878	
9878	
9878	
4287	
8552	
8323	
8682	
8682	
8682	
8554	
8554	
8554	
8539	
8539	
8539	
6580	
6580	
6580	
2059	
7661	
4599	
8975	
7119	
6965	
6965	
6965	
5934	
5934	
5934	
14969	
14969	
14969	
9805	
5210	
9514	
12146	
12065	
748	
2256	
14545	
6679	
6679	
6679	
11019	
10213	
8740	
8282	
8779	
8779	
2350	
14639	
14639	
14639	
929	
4364	
1485	
1485	
5451	
5451	
11025	
2648	
2648	
2648	
4985	
4668	
2884	
9656	
5458	
4623	
4623	
13342	
5437	
647	
12936	
12936	
647	
12521	
232	
232	
9403	
9403	
9931	
3959	
14482	
1304	
1304	
9637	
13953	
1664	
10326	
3782	
3782	
3782	
3782	
3782	
8796	
8796	
4580	
4580	
6597	
6597	
11889	
11889	
11137	
12057	
12057	
5534	
759	
759	
13048	
9967	
568	
12857	
7303	
3120	
10204	
3794	
10952	
10952	
13693	
1404	
1404	
3064	
3817	
627	
547	
3726	
6545	
3815	
966	
966	
8671	
10232	
10159	
10159	
8663	
4248	
4248	
4248	
13044	
14552	
2263	
2263	
14552	
9877	
3873	
3873	
5891	
5891	
6113	
11778	
11778	
11778	
11344	
7576	
7576	
13022	
1032	
7121	
1354	
13643	
3640	
3640	
3757	
3757	
2748	
10011	
10011	
7040	
7040	
7040	
12727	
12727	
12727	
6250	
6449	
3449	
8008	
8008	
4006	
7762	
4409	
4409	
10360	
8563	
7395	
10453	
10453	
2794	
2794	
1323	
1323	
9437	
6441	
5015	
4923	
11146	
13753	
13753	
9915	
9915	
9869	
12226	
11819	
3973	
3973	
3973	
10009	
1025	
1025	
4182	
4902	
12172	
10187	
13540	
13540	
9779	
8857	
5861	
11834	
7339	
12013	
12013	
8308	
12152	
12594	
12594	
12594	
11493	
7593	
13018	
13018	
13605	
8250	
8250	
8250	
12813	
8985	
12571	
282	
14485	
10463	
10463	
10463	
8847	
8887	
8887	
12135	
12135	
12135	
12135	
3958	
3958	
604	
6344	
6344	
6344	
13320	
9350	
3169	
13095	
13095	
806	
806	
5238	
7787	
4160	
4160	
4160	
10010	
10010	
10010	
1410	
13699	
6879	
6879	
11980	
5005	
5005	
13869	
13869	
13869	
11902	
8272	
8272	
8386	
5417	
4584	
2634	
8559	
9680	
9680	
8487	
8487	
8487	
7652	
7652	
4881	
10055	
14494	
2205	
9385	
9385	
10715	
10715	
14470	
14470	
3857	
2124	
2124	
12261	
8837	
8837	
3692	
5988	
7970	
8325	
8488	
642	
9745	
9745	
11608	
6543	
6543	
1073	
3700	
10125	
7796	
9902	
9876	
5022	
2461	
4403	
4249	
4249	
9024	
9024	
3224	
3224	
4456	
9546	
9546	
9546	
4316	
4316	
1104	
14038	
11358	
1998	
1998	
1998	
7323	
5756	
8246	
8246	
14502	
2213	
2213	
4156	
13170	
8329	
2107	
14396	
7539	
7539	
10418	
6083	
8472	
10832	
10832	
8898	
8898	
5979	
5979	
10339	
7853	
14828	
2539	
6981	
6981	
382	
12437	
148	
10203	
10203	
11096	
440	
12729	
7338	
7338	
7338	
11723	
5194	
11038	
11038	
11038	
12707	
12707	
418	
418	
418	
3871	
8116	
8116	
6956	
6956	
5553	
5553	
12454	
7097	
7097	
6732	
6732	
1497	
1497	
13786	
2955	
11655	
2487	
12000	
4629	
11806	
9830	
4242	
4751	
4751	
4439	
4439	
14481	
14481	
2192	
13806	
1517	
1517	
13806	
13806	
1517	
3005	
3005	
357	
6091	
6091	
6907	
13249	
11012	
12512	
12512	
223	
6075	
3957	
1028	
1028	
1028	
1028	
6818	
6818	
6818	
9741	
11210	
11914	
11914	
3258	
8632	
8632	
1353	
13642	
14144	
13408	
6134	
2340	
2340	
14629	
14629	
10115	
5010	
3905	
6635	
6066	
6066	
6066	
10171	
10171	
12548	
7437	
7437	
2966	
8955	
12556	
12556	
11003	
9147	
11241	
11241	
10218	
10218	
10218	
10246	
11563	
13808	
13808	
7126	
6386	
13231	
13231	
1592	
9144	
14603	
4596	
1498	
11068	
6403	
6403	
12281	
10124	
14507	
14507	
4139	
10949	
10949	
8421	
8421	
10019	
10019	
10019	
10019	
2624	
14913	
11894	
11894	
508	
508	
12797	
10279	
1666	
10087	
10087	
12823	
1123	
3250	
3250	
6600	
6600	
9811	
9811	
8822	
11847	
13193	
13193	
13193	
904	
904	
11562	
11562	
5681	
5439	
9414	
8144	
4143	
8640	
5405	
7549	
7549	
12121	
5475	
5475	
9148	
9148	
10346	
10346	
12078	
12078	
6511	
6511	
8901	
4897	
4897	
4897	
9060	
9060	
7740	
7740	
9324	
853	
4081	
4081	
14487	
2198	
3610	
2897	
2897	
2897	
2897	
2897	
11880	
1303	
6048	
12859	
570	
11772	
11772	
6203	
6203	
5623	
5623	
4540	
7417	
9004	
9004	
10907	
13923	
6376	
11049	
26	
11252	
13976	
12460	
171	
171	
784	
784	
13073	
7583	
7583	
7583	
7583	
7583	
5019	
5019	
5019	
5367	
5618	
5618	
5618	
13743	
754	
13043	
4097	
13257	
13257	
13257	
13257	
968	
6485	
6485	
6485	
9737	
9737	
10940	
10940	
8874	
8311	
12643	
5619	
5619	
8052	
8052	
575	
12864	
12864	
10520	
11962	
3321	
3321	
3321	
11724	
7768	
8891	
8891	
10781	
9107	
9107	
6110	
977	
977	
977	
11331	
11331	
9187	
9187	
9187	
8814	
8814	
3608	
10982	
3992	
5078	
7913	
8826	
8826	
8439	
8214	
1096	
13385	
1096	
10876	
10876	
3444	
3444	
10678	
5122	
5122	
9265	
13673	
1384	
4325	
4325	
4325	
12277	
6640	
2241	
2241	
2241	
10046	
638	
9851	
7860	
7860	
7860	
10182	
5570	
5570	
14759	
14759	
14759	
2470	
12457	
168	
11987	
11987	
14546	
2257	
10177	
13491	
1202	
1202	
2065	
14354	
8829	
8617	
9255	
9255	
9042	
7611	
4340	
591	
591	
1674	
1674	
10628	
10628	
10628	
2629	
2629	
14918	
9071	
9071	
9071	
589	
589	
12878	
2049	
14338	
14338	
14338	
48	
12197	
13655	
13655	
1366	
300	
14129	
1840	
1840	
6443	
9034	
9034	
940	
940	
13229	
8408	
14800	
2511	
2511	
8769	
8769	
5187	
8463	
7392	
11520	
11520	
14627	
4489	
10433	
12443	
12443	
9865	
8107	
8107	
8107	
6517	
6517	
6517	
5243	
156	
156	
156	
2766	
7518	
12604	
198	
12487	
10935	
7731	
12338	
4532	
4532	
10460	
4825	
14353	
12810	
521	
521	
12810	
14337	
14337	
14337	
199	
199	
777	
11582	
11462	
11462	
11462	
11462	
4487	
4487	
1160	
1160	
1160	
1160	
13449	
5143	
5143	
8609	
8609	
3980	
3327	
14222	
14222	
14222	
1933	
70	
12359	
6001	
6001	
1010	
13299	
13299	
1458	
12615	
326	
326	
12615	
12905	
12905	
12905	
12905	
3892	
3892	
3892	
13091	
6289	
7678	
8719	
8719	
8719	
6673	
11115	
4382	
6553	
5554	
5554	
6691	
6691	
12140	
12140	
8319	
8297	
8297	
5336	
11801	
11801	
11801	
6343	
6343	
6343	
8962	
8407	
12203	
11454	
11454	
11142	
8457	
13651	
8013	
4017	
13704	
13704	
13864	
1575	
1575	
12616	
12616	
327	
11363	
11363	
11363	
5971	
5222	
450	
12739	
12739	
8262	
9845	
8041	
9139	
8724	
4176	
5682	
10131	
13426	
5980	
5980	
5980	
2298	
2298	
7003	
1834	
1834	
6656	
2924	
4509	
12520	
231	
231	
231	
12520	
8087	
2829	
1426	
1426	
13715	
14944	
14944	
14944	
2655	
2655	
2655	
9706	
6685	
6685	
2961	
12825	
461	
12750	
1116	
13405	
10127	
13691	
13691	
13698	
1409	
1409	
5108	
6881	
14880	
14880	
12791	
502	
13995	
13995	
14309	
4152	
14608	
7557	
7557	
7557	
7422	
11815	
11815	
11815	
8227	
10827	
10827	
10827	
10827	
4131	
4131	
4718	
3147	
3147	
3147	
9508	
4542	
11299	
11299	
1874	
9945	
9945	
5424	
5424	
3882	
10044	
2711	
3191	
2697	
5121	
5121	
2825	
10676	
3284	
9398	
12249	
3659	
2117	
13451	
1162	
2983	
2983	
2983	
10259	
14208	
1919	
1800	
14089	
14089	
14089	
1800	
11036	
11036	
11036	
11036	
1841	
1841	
12787	
5811	
5811	
9731	
9731	
9731	
5595	
5595	
3073	
1108	
11498	
14298	
14298	
14298	
5604	
5604	
5604	
2841	
2841	
1875	
11710	
10119	
13438	
13438	
13438	
13438	
13438	
1149	
13438	
11319	
11319	
715	
10938	
10938	
10938	
10938	
10938	
11439	
4315	
4315	
5264	
3021	
3021	
11939	
11939	
12958	
5961	
14206	
4353	
4559	
4559	
956	
956	
4873	
4873	
9469	
9469	
9526	
9526	
6794	
7249	
7249	
2752	
2752	
3008	
3008	
8986	
8986	
8986	
8986	
7647	
7647	
7647	
6726	
6726	
11882	
11882	
11882	
11882	
14285	
10572	
10041	
10041	
5150	
5150	
11568	
9340	
9828	
9828	
6809	
6809	
4343	
8055	
10666	
12986	
9735	
10849	
10849	
5217	
5217	
4961	
3331	
3331	
13211	
922	
922	
6129	
13391	
10740	
10740	
8497	
8497	
10944	
10494	
10494	
9529	
1090	
8603	
8603	
577	
577	
11180	
6186	
14279	
1716	
5031	
5031	
5031	
5031	
9224	
9224	
13057	
13057	
13057	
11018	
12028	
4723	
2444	
13289	
4392	
4392	
10839	
10839	
10426	
4545	
3687	
3687	
1851	
1851	
4916	
8162	
14537	
14537	
2248	
2248	
14755	
9957	
2148	
2148	
11636	
13956	
13956	
9061	
3768	
1377	
1377	
13666	
13666	
2267	
529	
529	
12818	
12818	
529	
529	
9712	
13417	
9938	
11896	
6460	
13468	
5170	
5170	
5170	
7297	
7297	
12202	
9651	
9651	
9651	
9651	
2984	
2984	
10062	
2434	
2434	
12171	
543	
12832	
9981	
2463	
2463	
14752	
4678	
4678	
9165	
11076	
11076	
691	
12401	
8212	
8212	
8212	
7791	
7791	
14992	
2703	
2703	
8610	
8610	
5677	
9730	
14101	
14101	
1812	
10879	
10331	
5177	
1873	
1873	
1089	
5580	
14543	
2254	
1793	
1793	
14082	
10068	
10068	
10068	
3995	
12728	
439	
439	
2349	
2349	
14638	
8515	
7028	
7028	
6112	
4109	
11161	
11161	
2772	
6397	
6397	
8150	
8150	
8150	
13822	
14266	
11106	
5925	
5925	
5925	
12659	
12659	
370	
9812	
9812	
9812	
10487	
10487	
10487	
10487	
11503	
11503	
7183	
9293	
7947	
7947	
1004	
1004	
1004	
13293	
7857	
7857	
7857	
14531	
14531	
2242	
14259	
11086	
11086	
7850	
7850	
14037	
1748	
14037	
1152	
13325	
13325	
13325	
8207	
8505	
12947	
9347	
8131	
12783	
494	
1181	
6662	
6662	
10758	
12361	
12361	
72	
72	
9045	
4052	
13553	
1264	
5645	
5645	
5645	
12010	
6024	
9136	
9282	
1047	
13336	
13336	
13336	
6891	
6891	
6891	
6518	
8560	
12902	
613	
12902	
674	
12963	
12963	
9889	
9889	
10421	
9063	
9063	
9561	
9561	
4089	
4089	
7597	
7597	
7597	
7972	
7972	
7985	
7985	
4348	
4348	
12516	
6205	
13636	
7923	
10719	
10719	
10719	
5053	
5053	
14728	
2439	
10135	
10135	
9726	
12515	
12515	
226	
226	
1091	
1091	
13380	
14291	
14291	
14319	
14319	
435	
11545	
11545	
11545	
4112	
4112	
9131	
9131	
7987	
7987	
7987	
7987	
7987	
7987	
9003	
3202	
3102	
12218	
12218	
9040	
11201	
11201	
14265	
7459	
7459	
2407	
14696	
9722	
10507	
1989	
14278	
1989	
14278	
5404	
5404	
11763	
1901	
14190	
8310	
8310	
7801	
7116	
2669	
2669	
9299	
14678	
14678	
14678	
14021	
1732	
11383	
11383	
10230	
10230	
5176	
14307	
14307	
14307	
10416	
6132	
6132	
6132	
6132	
180	
9654	
9654	
6782	
12462	
3112	
3112	
12246	
12246	
6546	
12263	
4277	
7173	
7173	
9748	
14374	
9507	
11729	
4367	
2651	
14940	
14940	
9033	
4611	
4611	
969	
969	
13530	
13530	
13530	
5634	
5634	
5634	
12041	
12041	
12627	
12627	
9409	
3070	
3070	
10160	
10160	
10160	
8506	
8506	
3428	
5225	
5225	
11492	
8667	
5303	
7993	
4637	
4637	
14796	
3903	
3903	
3903	
2133	
10529	
10529	
9504	
12974	
1746	
1746	
1746	
5680	
5680	
100	
100	
8976	
10872	
2883	
2883	
10157	
10157	
9977	
1143	
7266	
11635	
2667	
6842	
2000	
14289	
6436	
6436	
6436	
4828	
4828	
7794	
11648	
2851	
12581	
6986	
8218	
8218	
8218	
10902	
8493	
10456	
10845	
10845	
11553	
2795	
10815	
11425	
13887	
13887	
13887	
13887	
1598	
11930	
11930	
3096	
9582	
7816	
14881	
6380	
6380	
8830	
8830	
14330	
14330	
6814	
6814	
6814	
5435	
11234	
11234	
11234	
14866	
14866	
2577	
2577	
2577	
3577	
3577	
14409	
2120	
9966	
8628	
8628	
8628	
7167	
10030	
1737	
10464	
1961	
1835	
14124	
1835	
5592	
5592	
10733	
10733	
8853	
2011	
2011	
14300	
10200	
10200	
10200	
9496	
9496	
9617	
12206	
12206	
14249	
1960	
4482	
4482	
8587	
11411	
11411	
14178	
1889	
14145	
14145	
8426	
9073	
1786	
14777	
9311	
4771	
4772	
10510	
10510	
12362	
73	
4056	
4056	
4056	
7792	
4047	
4047	
4047	
2301	
11684	
11236	
8923	
6857	
5446	
9587	
9587	
9587	
9482	
4851	
12952	
12952	
663	
12952	
1473	
8014	
6104	
1909	
9709	
7785	
8469	
9124	
9124	
6338	
6338	
6338	
7741	
3382	
3382	
3382	
3382	
4219	
11954	
11954	
11141	
11141	
11141	
8220	
8220	
4423	
8535	
11089	
5868	
5868	
2932	
2932	
2932	
8726	
8726	
7719	
8659	
8659	
8659	
8659	
8659	
9109	
9109	
13526	
1237	
2848	
90	
1240	
1240	
1240	
13529	
10169	
11719	
8315	
8315	
8315	
9880	
9880	
3845	
3845	
11112	
11112	
9370	
10387	
9819	
2019	
2019	
4479	
4479	
4069	
8648	
12107	
12107	
12107	
9679	
6669	
10894	
10894	
10894	
12547	
258	
2424	
2424	
14713	
5390	
5390	
6844	
6844	
13028	
12054	
11913	
11913	
11913	
9391	
3784	
4374	
4374	
9041	
778	
778	
13067	
9153	
3950	
2482	
2482	
3722	
3722	
3722	
14159	
14159	
1870	
14159	
9767	
122	
122	
122	
4778	
5808	
5808	
3947	
5154	
5154	
8915	
8915	
14324	
14324	
2035	
5560	
9295	
9295	
892	
13181	
13181	
3251	
3251	
3251	
11621	
11621	
13131	
13131	
403	
11026	
11026	
10505	
11899	
10428	
2579	
14868	
11590	
11590	
13005	
4394	
6541	
6541	
8148	
8148	
3699	
5132	
6231	
12896	
12896	
12896	
7178	
6740	
14873	
5006	
5006	
13652	
13652	
13652	
2060	
3802	
5432	
5432	
4454	
4454	
4454	
9078	
1549	
13838	
3410	
10396	
10396	
10396	
1372	
6324	
2695	
14984	
14984	
10746	
10746	
8984	
7541	
7541	
8156	
8156	
4387	
2928	
1310	
13599	
7983	
7983	
5069	
1325	
1325	
9725	
3010	
3010	
1881	
14170	
8434	
8455	
10929	
13161	
872	
10559	
1513	
9141	
9141	
10569	
10569	
9793	
9793	
11420	
8600	
8600	
7528	
4196	
9261	
7059	
11273	
11702	
7613	
1196	
276	
276	
1204	
13493	
13493	
2095	
2095	
2095	
2095	
8845	
9057	
3583	
6532	
6532	
6532	
10149	
10149	
10149	
13702	
13702	
481	
481	
445	
12734	
10202	
10202	
1627	
1627	
1627	
9205	
7306	
7306	
14811	
2522	
2071	
2071	
2071	
14360	
3058	
7774	
6053	
6053	
6053	
9932	
9932	
4235	
4235	
4235	
4235	
8846	
8846	
11308	
13996	
13996	
1707	
13996	
163	
12452	
12452	
1708	
13908	
10466	
10466	
9864	
2821	
2028	
1207	
7814	
7814	
14857	
14857	
12978	
689	
689	
11538	
10497	
9185	
9185	
9185	
6484	
6484	
14172	
14172	
14172	
1883	
1883	
14172	
11982	
10502	
10805	
8599	
8599	
5493	
5917	
8139	
7959	
7959	
4198	
4198	
9423	
9423	
9423	
11179	
11179	
4696	
4696	
10249	
7055	
7055	
7718	
8196	
8196	
9949	
9949	
14002	
1713	
5647	
10834	
10834	
1830	
1830	
14119	
4524	
11932	
9440	
4626	
4626	
10962	
10962	
2808	
2808	
13686	
13686	
1397	
13435	
13435	
13435	
1146	
2476	
2476	
4824	
8419	
10256	
10256	
9933	
8232	
3155	
6705	
5355	
14564	
14564	
9630	
213	
7773	
7773	
5548	
5548	
10767	
12670	
10490	
10490	
7942	
7942	
7942	
7942	
7942	
10407	
9203	
9203	
5305	
9751	
250	
12539	
8040	
10132	
10132	
2508	
2508	
11040	
11040	
11864	
10378	
10378	
1772	
1772	
9551	
2814	
10440	
11814	
8838	
8838	
8838	
7805	
7805	
2509	
14798	
14798	
9121	
3146	
9824	
9824	
9824	
1248	
1248	
1248	
8868	
10685	
10004	
10004	
5881	
8735	
8735	
8735	
7889	
7815	
12886	
12886	
597	
597	
10432	
9684	
9684	
9684	
5556	
5556	
9671	
9671	
3113	
3113	
11370	
8239	
8239	
8239	
2872	
5606	
6142	
8259	
8259	
8259	
1495	
9908	
9908	
9669	
12607	
4549	
4549	
4549	
9446	
2497	
14786	
14786	
2497	
14786	
8261	
8261	
11573	
11573	
6059	
6537	
6537	
8428	
8428	
9067	
9067	
9067	
8764	
3977	
3977	
6688	
6688	
7818	
4674	
2788	
2788	
8590	
7206	
7206	
7206	
10252	
10252	
5403	
5403	
7867	
10547	
10309	
10309	
13576	
7331	
14576	
10430	
2309	
2309	
14598	
2799	
11909	
7026	
11773	
10264	
6240	
1015	
13304	
13628	
13628	
10883	
101	
12576	
287	
7797	
1803	
14661	
151	
151	
151	
4104	
8471	
8471	
8471	
8471	
3593	
3593	
6989	
5852	
5852	
7900	
9431	
6887	
2058	
14347	
3495	
10712	
2811	
2811	
2811	
5431	
6683	
6683	
10847	
10847	
14625	
4907	
4907	
7630	
7630	
5348	
6704	
535	
535	
12824	
12824	
14004	
14004	
4212	
10358	
8058	
12016	
10787	
9739	
9739	
9739	
9739	
14954	
14954	
2665	
2665	
14954	
14954	
2105	
2105	
14394	
10278	
2991	
2991	
2991	
10789	
10789	
10789	
11752	
6473	
10288	
10288	
14137	
14137	
14137	
14137	
1315	
13244	
955	
955	
955	
12274	
9521	
9521	
506	
506	
4289	
14461	
14461	
12214	
10818	
10818	
7300	
2394	
2394	
14401	
1615	
13904	
3489	
8154	
8154	
7806	
10955	
7852	
7852	
6876	
13946	
13946	
1657	
9532	
13819	
1530	
1530	
5678	
5678	
9449	
3046	
3190	
9663	
3792	
3792	
4714	
4714	
8135	
8135	
2907	
5719	
12807	
3869	
7500	
7500	
1313	
1419	
9522	
11101	
11101	
5338	
5338	
9611	
9240	
9240	
10345	
4733	
11221	
11221	
2416	
2416	
2416	
7788	
7788	
7788	
3737	
3737	
3737	
3737	
13319	
1030	
7311	
249	
249	
12538	
12538	
9892	
8888	
7672	
11181	
4209	
4209	
6305	
14664	
2375	
12404	
115	
13503	
2272	
2272	
6820	
6820	
6820	
12738	
796	
1080	
1080	
1080	
13369	
13369	
9760	
9760	
433	
12722	
10947	
8533	
8533	
8533	
12752	
12752	
14377	
11536	
10108	
10108	
7341	
2146	
9157	
9157	
8655	
6428	
11673	
11673	
11673	
9782	
10823	
10823	
10823	
10823	
3406	
442	
442	
12648	
12648	
9006	
9006	
12044	
4015	
4015	
12188	
14328	
9675	
9675	
12002	
6757	
6757	
10981	
10981	
9008	
9008	
9008	
11305	
9100	
5298	
5298	
9614	
7967	
9856	
9856	
8899	
9146	
6684	
6684	
4827	
5495	
8385	
7982	
7982	
11820	
11820	
10861	
10128	
10128	
3546	
652	
12941	
12941	
12941	
6326	
6326	
8123	
9210	
3807	
3807	
5313	
5313	
14051	
1762	
9386	
9386	
12912	
623	
623	
623	
9657	
6218	
6218	
4939	
4939	
4939	
11709	
11709	
11709	
11347	
11347	
10943	
10943	
12267	
12267	
4313	
4313	
11908	
11908	
11701	
11701	
2553	
14842	
8486	
8376	
8376	
8376	
8376	
9950	
4220	
4220	
4220	
1421	
8827	
8827	
3168	
8770	
8770	
8932	
8549	
8549	
8549	
10254	
10254	
7286	
2335	
2335	
10597	
7058	
8537	
8537	
8537	
11469	
11831	
11831	
4065	
2283	
2283	
14614	
2325	
2325	
3834	
11985	
8990	
10283	
1704	
1704	
13993	
7439	
5603	
8798	
8798	
10919	
9349	
7542	
9910	
9564	
10684	
10684	
10684	
3828	
3828	
6918	
5504	
5504	
910	
910	
8094	
8094	
10289	
10289	
2520	
11245	
14440	
269	
12089	
12089	
11788	
3208	
3208	
7898	
7898	
7898	
4376	
11041	
12658	
12658	
12906	
12906	
617	
617	
8119	
13739	
13932	
1804	
8283	
4712	
14571	
10575	
12017	
12017	
8595	
8595	
8595	
4749	
4749	
4749	
10170	
10170	
414	
9303	
9303	
10546	
10546	
10811	
7603	
7603	
3822	
10240	
3836	
3836	
3836	
7345	
11884	
11884	
11991	
8042	
5688	
5688	
1086	
3720	
10239	
13031	
10258	
9476	
13225	
8521	
10774	
10774	
8878	
8878	
11961	
11961	
11961	
4294	
4294	
10725	
14991	
8361	
14052	
12070	
12070	
9264	
9264	
11522	
9794	
14642	
2353	
11412	
11412	
1768	
11246	
11246	
11246	
13727	
13727	
1438	
1438	
11080	
11080	
9919	
12038	
12038	
3667	
3667	
3667	
3667	
7650	
9823	
9853	
9853	
9853	
9853	
2839	
10530	
10530	
10530	
7098	
6599	
6599	
6599	
6599	
3983	
3983	
3983	
3983	
811	
6069	
8190	
8190	
3467	
13893	
1604	
4416	
10788	
10788	
12844	
10755	
9925	
10537	
7048	
7048	
10447	
3476	
3476	
9151	
9622	
9622	
10319	
10319	
10319	
13836	
13836	
12253	
10970	
4511	
11656	
11385	
11385	
8226	
2446	
14735	
9734	
9734	
9734	
8869	
8781	
11372	
9091	
9091	
1278	
1278	
8358	
8358	
14192	
12522	
12522	
12522	
12522	
7885	
5549	
14376	
4692	
11521	
10692	
10692	
10301	
9426	
9426	
9426	
3805	
3805	
3805	
10164	
7934	
13718	
1429	
1429	
12276	
4752	
539	
539	
9445	
9445	
11481	
6519	
6519	
13856	
11699	
10600	
8314	
9789	
5709	
8538	
8538	
11888	
11888	
9455	
9455	
2913	
2913	
2913	
2913	
9533	
11845	
11845	
3698	
9556	
2654	
14943	
9766	
11766	
2471	
14760	
14104	
3955	
5851	
5851	
9535	
9535	
13823	
13823	
1534	
1662	
8095	
9620	
8607	
3672	
3912	
3912	
12067	
6030	
11014	
11014	
11014	
9750	
9750	
9750	
248	
12537	
5306	
9534	
7516	
1545	
1545	
3482	
3482	
3482	
8522	
11574	
11574	
11574	
9053	
9053	
5946	
3029	
11059	
9610	
13452	
1163	
9135	
9135	
12508	
6539	
2021	
2021	
14310	
14310	
2021	
10499	
10499	
9113	
911	
911	
8449	
8449	
8449	
9178	
9178	
8562	
4977	
667	
667	
12956	
11345	
11345	
11345	
11345	
9848	
11283	
9118	
9118	
9118	
3793	
1887	
14176	
7016	
7016	
10057	
10227	
10227	
10227	
6654	
11550	
7887	
9962	
8989	
3870	
3870	
3139	
8081	
8081	
8081	
14280	
14280	
1991	
3145	
3145	
8184	
8184	
11400	
10117	
8326	
9459	
9459	
7843	
10869	
10869	
7102	
4009	
8639	
8639	
10706	
1670	
13959	
1670	
6035	
12892	
8705	
8705	
1587	
1587	
9380	
14978	
14978	
2689	
8466	
11737	
11737	
12106	
11177	
9097	
9097	
11556	
11816	
11816	
1330	
13950	
1661	
1661	
2856	
187	
187	
187	
12232	
12232	
11900	
413	
413	
8268	
8290	
10973	
8586	
3163	
11925	
11925	
10793	
10942	
3034	
11749	
3991	
3991	
3991	
8241	
3511	
9969	
9969	
14600	
2311	
2311	
10327	
10327	
10737	
10737	
10737	
11890	
3477	
3477	
9719	
14251	
1962	
8965	
8965	
8965	
11658	
6429	
12011	
5331	
9230	
9230	
9230	
5613	
5613	
5613	
5613	
11058	
11058	
11058	
9180	
9180	
12995	
12995	
8211	
4859	
4859	
5384	
5384	
10770	
10770	
10770	
8588	
2519	
2519	
8626	
8626	
12092	
12637	
139	
12428	
8948	
8948	
8584	
8584	
7986	
9627	
9627	
9597	
9597	
3054	
8723	
8768	
1680	
13969	
8199	
9991	
12154	
12154	
7834	
9292	
13783	
1494	
11471	
3662	
3662	
3662	
6381	
8370	
8370	
9787	
13212	
13212	
6094	
6094	
7769	
7769	
2973	
2973	
2973	
10553	
10553	
8715	
11092	
636	
636	
12925	
636	
731	
13020	
9049	
9049	
9049	
14644	
2355	
14644	
10527	
10527	
10527	
983	
13272	
13272	
13272	
11695	
11695	
11695	
10398	
10015	
10015	
12279	
12279	
11754	
11754	
9713	
6524	
6524	
6524	
855	
855	
13144	
9995	
9995	
7917	
8341	
10260	
10260	
9038	
11320	
11320	
4323	
10411	
4290	
4290	
11971	
11599	
3386	
10064	
6935	
7809	
8165	
10619	
10619	
11535	
11535	
11535	
11535	
7411	
7411	
4994	
4994	
1799	
11284	
11284	
14833	
14833	
2544	
1916	
14205	
9237	
515	
515	
9072	
2211	
4650	
7680	
7680	
7680	
14036	
6011	
6011	
284	
284	
11916	
14870	
2581	
2581	
6267	
6267	
11767	
8961	
13098	
8254	
8254	
8254	
11957	
8415	
10434	
10688	
8477	
11280	
10051	
941	
427	
427	
9273	
11968	
11968	
8328	
8328	
8328	
13697	
1408	
13697	
1408	
8516	
8516	
11128	
11128	
11128	
5129	
3812	
8730	
10669	
7847	
9364	
12073	
12183	
9517	
9517	
10222	
11323	
8979	
7275	
4997	
4997	
3820	
11143	
376	
376	
8275	
10097	
10097	
10699	
8536	
8536	
11589	
7733	
8763	
9450	
9450	
4166	
9696	
9696	
9580	
11524	
5374	
5374	
7080	
7080	
10371	
10371	
10371	
10371	
11266	
11266	
9705	
9705	
9705	
9705	
9705	
8758	
8758	
11666	
12953	
678	
678	
678	
678	
678	
12967	
9621	
8456	
11782	
10335	
3860	
10526	
10526	
8681	
5531	
8881	
8881	
8881	
11485	
11485	
9372	
9372	
207	
207	
8447	
10438	
11676	
11676	
9881	
12269	
12704	
12704	
4070	
8279	
2678	
14967	
14967	
14967	
7989	
3022	
3022	
12176	
12176	
10287	
10214	
10214	
10214	
10152	
2365	
2365	
2365	
14654	
2365	
9704	
8422	
6616	
7406	
7406	
8242	
10503	
11053	
11053	
10116	
10116	
10116	
9167	
346	
1349	
1727	
11584	
8783	
8783	
7715	
6174	
6174	
10601	
10194	
10194	
10194	
13789	
13789	
1500	
2826	
9102	
9102	
9102	
10236	
8844	
8543	
8543	
11335	
11335	
11335	
11335	
920	
11445	
8306	
9158	
9158	
9158	
3244	
3244	
4759	
4759	
8774	
8774	
7937	
7937	
7937	
8873	
8873	
8873	
10071	
10723	
10723	
10723	
5158	
5158	
5158	
9393	
9393	
9393	
9257	
7876	
8140	
13146	
857	
6549	
8171	
9260	
9260	
6359	
6359	
7735	
10910	
13252	
12347	
11618	
14403	
9016	
9016	
9106	
11449	
11449	
11449	
9635	
8263	
8263	
8889	
4138	
8208	
9207	
4894	
8694	
8694	
8694	
9672	
9672	
13746	
1457	
13746	
5106	
5106	
2601	
2601	
12308	
19	
12308	
19	
9457	
9457	
8720	
9280	
9792	
6492	
6492	
8017	
2958	
9756	
9756	
9756	
8137	
10889	
12211	
12211	
11784	
10583	
9087	
9087	
5325	
10412	
10960	
1593	
13882	
9570	
8925	
8925	
8430	
11191	
11191	
7783	
14979	
14979	
14979	
11951	
11951	
11951	
11617	
11617	
11617	
10926	
11351	
11791	
11791	
11791	
9800	
10806	
10806	
10120	
10481	
10481	
10481	
998	
10154	
10154	
10356	
8484	
8597	
8969	
10370	
10370	
10318	
11652	
8322	
8322	
8882	
9458	
9458	
9458	
11748	
6743	
10802	
10802	
14974	
9416	
3015	
10394	
9569	
9569	
10640	
14912	
2623	
10037	
10037	
4121	
8248	
8248	
8620	
8753	
10492	
8649	
1912	
14201	
8345	
8345	
10791	
10791	
9120	
9120	
13982	
13982	
13982	
1693	
11125	
11125	
11125	
11125	
10343	
10343	
8523	
11713	
11713	
11886	
11886	
11502	
7605	
7605	
7605	
9301	
9093	
10704	
10704	
9306	
9307	
9307	
9307	
8200	
10654	
11178	
8542	
8542	
8072	
8072	
7107	
8635	
8635	
9037	
11172	
11172	
11172	
10313	
8124	
11223	
11223	
10644	
10404	
2428	
10056	
10056	
10516	
11061	
9879	
12124	
12124	
10830	
10830	
12055	
9198	
9444	
8343	
8343	
4210	
11043	
9314	
11981	
11981	
10612	
10612	
10612	
11681	
11681	
11681	
9283	
7991	
11549	
3907	
3907	
10028	
13008	
13008	
11876	
9083	
8121	
8121	
9263	
9263	
8530	
8772	
5951	
5951	
8734	
8734	
11897	
11415	
11114	
10470	
7886	
7886	
7838	
9820	
13395	
7081	
10846	
11334	
9343	
5798	
5798	
8967	
10995	
13388	
13388	
2673	
2673	
14484	
2195	
9747	
9747	
11006	
11006	
11006	
10660	
10088	
7949	
7949	
11838	
2941	
2941	
11862	
8733	
12258	
1376	
11919	
4443	
9746	
10614	
4711	
10106	
12113	
9922	
9922	
10392	
10392	
10999	
10999	
12288	
12288	
11134	
5617	
9809	
9707	
9707	
8168	
8168	
8168	
8168	
11295	
11295	
11295	
8249	
8619	
8619	
9220	
13622	
1333	
1333	
9686	
11460	
11460	
11418	
10449	
10449	
10221	
4319	
10554	
11339	
7780	
7780	
7780	
9408	
11948	
3787	
3787	
3787	
9154	
10638	
9051	
12837	
11610	
10682	
10539	
8848	
8848	
8155	
8155	
8155	
8936	
8936	
3876	
3876	
3876	
11353	
8664	
8664	
11940	
8163	
8163	
11311	
11311	
1922	
10948	
10162	
10162	
1383	
1383	
13672	
8510	
9115	
6452	
6452	
14620	
14620	
12141	
12141	
11132	
10833	
1121	
1121	
13410	
11195	
8935	
8935	
8935	
11194	
11194	
9640	
9639	
9639	
9639	
8744	
12118	
8818	
8784	
8784	
7954	
8339	
8185	
8185	
8185	
9644	
9644	
9644	
1201	
1201	
13490	
11969	
11670	
11670	
9649	
10892	
11152	
9316	
9316	
11297	
11297	
8067	
8067	
9184	
10065	
10564	
10121	
11607	
11607	
10189	
10359	
10359	
10359	
9541	
9541	
9541	
7871	
7871	
11632	
11632	
10427	
8792	
9866	
9866	
9866	
11974	
7566	
9256	
9256	
3929	
3929	
3929	
10233	
8372	
9979	
11651	
10969	
8071	
8071	
8071	
11674	
11674	
6860	
11292	
10736	
11860	
11860	
11033	
11120	
11931	
10005	
9075	
9075	
9075	
7828	
7828	
7828	
8093	
8093	
8093	
9762	
9762	
10731	
10731	
9070	
8973	
8973	
9428	
10241	
11829	
9204	
4000	
4000	
4000	
8303	
9842	
10851	
10400	
9583	
9583	
13436	
13436	
9898	
9898	
10819	
10819	
11781	
8389	
12040	
12040	
11030	
11337	
11337	
11337	
8591	
8591	
11446	
11446	
10191	
10191	
10395	
10395	
8653	
8653	
10930	
10242	
11758	
11758	
8615	
10158	
10836	
9714	
9714	
10161	
10161	
12014	
12014	
12139	
12123	
12123	
8281	
8809	
8045	
10646	
10646	
10646	
10207	
10207	
11722	
9913	
11844	
11844	
10363	
11387	
11387	
8914	
8914	
10859	
8806	
8806	
11751	
9361	
8876	
8876	
11354	
11354	
7836	
12242	
12240	
12272	
10300	
8761	
10807	
10807	
12138	
12138	
10168	
8432	
8432	
10768	
9974	
11774	
11631	
11631	
9497	
9554	
11856	
11856	
9387	
10983	
8445	
9947	
9947	
12083	
10336	
9353	
9353	
9353	
3400	
3400	
10863	
9884	
11133	
9841	
9573	
9573	
9757	
11512	
11438	
11438	
9406	
8879	
11615	
11615	
11615	
9360	
9360	
9360	
11256	
11256	
11256	
8352	
8352	
11074	
11074	
8398	
10586	
9608	
9608	
10197	
9211	
9211	
9211	
3227	
8983	
8831	
8831	
10143	
10143	
8381	
8381	
12006	
9477	
9477	
1463	
10504	
11426	
11426	
10110	
10110	
8019	
8980	
12020	
9716	
9716	
9716	
10662	
10662	
10662	
8383	
8383	
12133	
8003	
9825	
9825	
